xof 0303txt 0032
template XSkinMeshHeader {
 <3cf169ce-ff7c-44ab-93c0-f78f62d172e2>
 WORD nMaxSkinWeightsPerVertex;
 WORD nMaxSkinWeightsPerFace;
 WORD nBones;
}

template VertexDuplicationIndices {
 <b8d65549-d7c9-4995-89cf-53a9a8b031e3>
 DWORD nIndices;
 DWORD nOriginalVertices;
 array DWORD indices[nIndices];
}

template SkinWeights {
 <6f0d123b-bad2-4167-a0d0-80224f25fabb>
 STRING transformNodeName;
 DWORD nWeights;
 array DWORD vertexIndices[nWeights];
 array FLOAT weights[nWeights];
 Matrix4x4 matrixOffset;
}

template AnimTicksPerSecond {
 <9e415a43-7ba6-4a73-8743-b73d47e88476>
 DWORD AnimTicksPerSecond;
}

template VertexElement {
 <f752461c-1e23-48f6-b9f8-8350850f336f>
 DWORD Type;
 DWORD Method;
 DWORD Usage;
 DWORD UsageIndex;
}

template DeclData {
 <bf22e553-292c-4781-9fea-62bd554bdd93>
 DWORD nElements;
 array VertexElement Elements[nElements];
 DWORD nDWords;
 array DWORD data[nDWords];
}


AnimTicksPerSecond {
 24;
}

Frame Dummy01 {
 

 FrameTransformMatrix {
  -0.000000,0.000000,-1.000000,0.000000,-1.000000,-0.000000,0.000000,0.000000,-0.000000,1.000000,0.000000,0.000000,0.000000,0.000000,0.000000,1.000000;;
 }

 Frame Bip01 {
  

  FrameTransformMatrix {
   0.000001,0.933237,0.359261,0.000000,-0.000000,-0.359261,0.933237,0.000000,1.000000,-0.000001,-0.000000,0.000000,0.000000,0.000000,0.000000,1.000000;;
  }

  Frame Bip01_Pelvis {
   

   FrameTransformMatrix {
    -0.000000,1.000000,-0.000001,0.000000,-0.000001,0.000001,1.000000,0.000000,1.000000,0.000000,0.000001,0.000000,0.000000,0.000000,0.000000,1.000000;;
   }

   Frame Bip01_Spine {
    

    FrameTransformMatrix {
     0.964947,0.000001,0.262445,0.000000,-0.000003,1.000000,0.000004,0.000000,-0.262445,-0.000005,0.964947,0.000000,0.051656,0.000000,-0.000082,1.000000;;
    }

    Frame Bip01_Spine1 {
     

     FrameTransformMatrix {
      0.981495,0.000001,0.191486,0.000000,-0.000001,1.000000,-0.000000,0.000000,-0.191486,-0.000000,0.981495,0.000000,0.106496,-0.000000,-0.000083,1.000000;;
     }

     Frame Bip01_Neck {
      

      FrameTransformMatrix {
       0.903366,0.000001,0.428870,0.000000,-0.000001,1.000000,-0.000000,0.000000,-0.428870,-0.000000,0.903366,0.000000,0.130516,0.000000,0.004628,1.000000;;
      }

      Frame Bip01_Head {
       

       FrameTransformMatrix {
        0.915189,-0.000001,-0.403025,0.000000,0.000001,1.000000,-0.000001,0.000000,0.403025,0.000000,0.915189,0.000000,0.033674,-0.000000,0.000000,1.000000;;
       }

       Frame Bip01_HeadNub {
        

        FrameTransformMatrix {
         1.000000,0.000000,0.000000,0.000000,0.000000,1.000000,-0.000000,0.000000,0.000000,-0.000000,1.000000,0.000000,0.169824,-0.000000,-0.000000,1.000000;;
        }
       }
      }

      Frame Bip01_L_Clavicle {
       

       FrameTransformMatrix {
        -0.078704,0.996195,0.037438,0.000000,0.899588,0.087155,-0.427955,0.000000,-0.429589,-0.000003,-0.903024,0.000000,-0.023698,0.015715,0.006128,1.000000;;
       }

       Frame Bip01_L_UpperArm {
        

        FrameTransformMatrix {
         0.348539,-0.936746,-0.032053,0.000000,0.839895,0.327318,-0.432943,0.000000,0.416049,0.123976,0.900851,0.000000,0.087086,0.000000,0.000000,1.000000;;
        }

        Frame Bip01_L_Forearm {
         

         FrameTransformMatrix {
          0.052584,-0.000000,-0.998616,0.000000,0.000000,1.000000,0.000000,0.000000,0.998617,0.000000,0.052584,0.000000,0.137062,-0.000000,0.000000,1.000000;;
         }

         Frame Bip01_L_Hand {
          

          FrameTransformMatrix {
           0.986237,0.001302,-0.165332,0.000000,0.112767,0.725993,0.678394,0.000000,0.120913,-0.687701,0.715854,0.000000,0.137062,0.000000,0.000000,1.000000;;
          }

          Frame Bip01_L_Finger0 {
           

           FrameTransformMatrix {
            0.384574,-0.204175,0.900231,0.000000,0.681286,0.720818,-0.127559,0.000000,-0.622858,0.662371,0.416310,0.000000,0.057681,-0.023605,-0.000272,1.000000;;
           }

           Frame Bip01_L_Finger0Nub {
            

            FrameTransformMatrix {
             1.000000,-0.000000,0.000000,0.000000,0.000000,1.000000,0.000000,0.000000,-0.000000,-0.000000,1.000000,0.000000,0.029435,0.000000,-0.000000,1.000000;;
            }
           }
          }

          Frame Bip01_L_Finger1 {
           

           FrameTransformMatrix {
            0.880689,-0.000377,0.473695,0.000000,0.000000,1.000000,0.000796,0.000000,-0.473695,-0.000701,0.880689,0.000000,0.084102,0.000000,0.000000,1.000000;;
           }

           Frame Bip01_L_Finger1Nub {
            

            FrameTransformMatrix {
             1.000000,-0.000000,-0.000000,0.000000,0.000000,1.000000,0.000000,0.000000,0.000000,0.000000,1.000000,0.000000,0.047988,0.000000,-0.000000,1.000000;;
            }
           }
          }
         }
        }
       }
      }

      Frame Bip01_R_Clavicle {
       

       FrameTransformMatrix {
        -0.078704,-0.996195,0.037444,0.000000,-0.899588,0.087157,0.427955,0.000000,-0.429589,-0.000003,-0.903024,0.000000,-0.023698,-0.015714,0.006128,1.000000;;
       }

       Frame Bip01_R_UpperArm {
        

        FrameTransformMatrix {
         0.348539,0.936746,-0.032053,0.000000,-0.839895,0.327318,0.432943,0.000000,0.416050,-0.123976,0.900851,0.000000,0.087086,0.000000,0.000000,1.000000;;
        }

        Frame Bip01_R_Forearm {
         

         FrameTransformMatrix {
          0.052583,0.000000,-0.998617,0.000000,0.000000,1.000000,-0.000000,0.000000,0.998617,-0.000000,0.052583,0.000000,0.137062,0.000000,0.000000,1.000000;;
         }

         Frame Bip01_R_Hand {
          

          FrameTransformMatrix {
           0.986237,-0.001301,-0.165332,0.000000,-0.112767,0.725993,-0.678394,0.000000,0.120913,0.687701,0.715854,0.000000,0.137062,-0.000000,-0.000000,1.000000;;
          }

          Frame Bip01_R_Finger0 {
           

           FrameTransformMatrix {
            0.384574,0.204175,0.900231,0.000000,-0.681287,0.720818,0.127559,0.000000,-0.622858,-0.662371,0.416310,0.000000,0.057681,0.023605,-0.000272,1.000000;;
           }

           Frame Bip01_R_Finger0Nub {
            

            FrameTransformMatrix {
             -1.000000,0.000000,-0.000000,0.000000,-0.000000,1.000000,-0.000000,0.000000,-0.000000,0.000000,-1.000000,0.000000,0.029435,0.000000,0.000000,1.000000;;
            }
           }
          }

          Frame Bip01_R_Finger1 {
           

           FrameTransformMatrix {
            0.880689,0.000377,0.473695,0.000000,-0.000000,1.000000,-0.000796,0.000000,-0.473695,0.000701,0.880689,0.000000,0.084102,0.000000,0.000000,1.000000;;
           }

           Frame Bip01_R_Finger1Nub {
            

            FrameTransformMatrix {
             -1.000000,-0.000000,0.000000,0.000000,-0.000000,1.000000,0.000000,0.000000,0.000000,0.000000,-1.000000,0.000000,0.047988,-0.000000,0.000000,1.000000;;
            }
           }
          }
         }
        }
       }
      }
     }

     Frame Bip01_BackPack {
      

      FrameTransformMatrix {
       0.190104,-0.000002,-0.981764,0.000000,0.000003,1.000000,-0.000002,0.000000,0.981764,-0.000002,0.190104,0.000000,0.063697,-0.000000,-0.088856,1.000000;;
      }

      Frame Bip01_BackPackNub {
       

       FrameTransformMatrix {
        0.000796,0.000003,1.000000,0.000000,-0.000000,-1.000000,0.000003,0.000000,1.000000,-0.000000,-0.000796,0.000000,0.053240,0.000000,0.000000,1.000000;;
       }
      }
     }
    }

    Frame Bip01_L_Thigh {
     

     FrameTransformMatrix {
      0.005611,0.108408,0.994091,0.000000,0.116398,-0.987420,0.107024,0.000000,0.993187,0.115110,-0.018159,0.000000,-0.049823,0.055225,0.013636,1.000000;;
     }

     Frame Bip01_L_Calf {
      

      FrameTransformMatrix {
       0.382925,0.000000,-0.923780,0.000000,-0.000000,1.000000,0.000000,0.000000,0.923780,-0.000000,0.382925,0.000000,0.237500,-0.000000,-0.000000,1.000000;;
      }

      Frame Bip01_L_Foot {
       

       FrameTransformMatrix {
        0.990990,-0.046727,0.125519,0.000000,0.064825,0.987420,-0.144221,0.000000,-0.117201,0.151059,0.981552,0.000000,0.206841,0.000000,0.000000,1.000000;;
       }

       Frame Bip01_L_Toe0 {
        

        FrameTransformMatrix {
         0.000000,-0.000000,1.000000,0.000000,-0.000000,1.000000,0.000000,0.000000,-1.000000,-0.000000,-0.000000,0.000000,0.065373,-0.000000,0.066450,1.000000;;
        }

        Frame Bip01_L_Toe0Nub {
         

         FrameTransformMatrix {
          -1.000000,-0.000000,-0.000000,0.000000,-0.000000,1.000000,-0.000000,0.000000,-0.000000,0.000000,-1.000000,0.000000,0.006735,-0.000000,0.000000,1.000000;;
         }
        }
       }
      }
     }
    }

    Frame Bip01_R_Thigh {
     

     FrameTransformMatrix {
      -0.002541,-0.116901,0.993140,0.000000,-0.087967,-0.989267,-0.116671,0.000000,0.996120,-0.087660,-0.007770,0.000000,-0.049823,-0.055225,0.013636,1.000000;;
     }

     Frame Bip01_R_Calf {
      

      FrameTransformMatrix {
       0.409226,-0.000000,-0.912433,0.000000,-0.000000,1.000000,0.000000,0.000000,0.912433,0.000000,0.409225,0.000000,0.237500,0.000000,0.000000,1.000000;;
      }

      Frame Bip01_R_Foot {
       

       FrameTransformMatrix {
        0.994408,0.017300,0.104178,0.000000,-0.032143,0.989267,0.142540,0.000000,-0.100594,-0.145092,0.984291,0.000000,0.206841,0.000000,-0.000000,1.000000;;
       }

       Frame Bip01_R_Toe0 {
        

        FrameTransformMatrix {
         0.000000,0.000000,1.000000,0.000000,0.000000,1.000000,-0.000000,0.000000,-1.000000,0.000000,0.000000,0.000000,0.065373,0.000000,0.066450,1.000000;;
        }

        Frame Bip01_R_Toe0Nub {
         

         FrameTransformMatrix {
          1.000000,0.000000,0.000000,0.000000,0.000000,1.000000,0.000000,0.000000,0.000000,0.000000,1.000000,0.000000,0.006735,-0.000000,0.000000,1.000000;;
         }
        }
       }
      }
     }
    }
   }

   Frame Bip01_DressFront {
    

    FrameTransformMatrix {
     -0.308237,-0.000002,0.951310,0.000000,-0.000004,1.000000,0.000001,0.000000,-0.951310,-0.000004,-0.308237,0.000000,0.019097,0.001399,0.055492,1.000000;;
    }

    Frame Bip01_DressFront02 {
     

     FrameTransformMatrix {
      0.698867,0.000002,0.715252,0.000000,-0.000002,1.000000,-0.000001,0.000000,-0.715252,-0.000001,0.698867,0.000000,0.183419,-0.000000,-0.000092,1.000000;;
     }

     Frame Bip01_DressFrontNub {
      

      FrameTransformMatrix {
       0.000796,0.000003,1.000000,0.000000,-0.000000,-1.000000,0.000003,0.000000,1.000000,-0.000000,-0.000796,0.000000,0.165302,0.000000,0.000000,1.000000;;
      }
     }
    }
   }

   Frame Bip01_DressBack {
    

    FrameTransformMatrix {
     -0.407818,-0.000002,0.913064,0.000000,-0.000004,1.000000,0.000000,0.000000,-0.913064,-0.000003,-0.407818,0.000000,-0.064865,-0.000000,-0.029313,1.000000;;
    }

    Frame Bip01_DressBack02 {
     

     FrameTransformMatrix {
      0.776205,0.000002,0.630480,0.000000,-0.000002,1.000000,-0.000001,0.000000,-0.630480,-0.000001,0.776205,0.000000,0.176227,-0.000000,-0.000084,1.000000;;
     }

     Frame Bip01_DressBackNub {
      

      FrameTransformMatrix {
       0.000796,0.000003,1.000000,0.000000,-0.000000,-1.000000,0.000003,0.000000,1.000000,-0.000000,-0.000796,0.000000,0.136508,0.000000,0.000000,1.000000;;
      }
     }
    }
   }
  }

  Frame Bip01_Prop1 {
   

   FrameTransformMatrix {
    -0.721905,-0.641069,0.260546,0.000000,-0.151148,0.513502,0.844672,0.000000,-0.675283,0.570391,-0.467596,0.000000,0.174555,0.000286,-0.049341,1.000000;;
   }
  }

  Frame Bip01_Prop2 {
   

   FrameTransformMatrix {
    0.870570,-0.352545,-0.343249,0.000000,-0.093314,0.566646,-0.818661,0.000000,0.483116,0.744731,0.460407,0.000000,0.172590,-0.004980,0.048675,1.000000;;
   }
  }
 }
}

Frame Translation_Data {
 

 FrameTransformMatrix {
  -0.000000,0.000000,-1.000000,0.000000,-1.000000,-0.000000,0.000000,0.000000,-0.000000,1.000000,0.000000,0.000000,0.000000,-0.000000,0.000000,1.000000;;
 }
}

Frame Body {
 

 FrameTransformMatrix {
  1.000000,0.000000,0.000000,0.000000,0.000000,1.000000,0.000000,0.000000,0.000000,0.000000,1.000000,0.000000,0.000000,0.000000,0.000000,1.000000;;
 }

 Mesh Body {
  617;
  0.078644;0.261832;-0.156929;,
  0.091438;0.282301;-0.116145;,
  0.076533;0.252308;-0.121355;,
  0.075991;0.241458;-0.167080;,
  0.075946;0.225562;-0.172568;,
  0.060759;0.220505;-0.128998;,
  0.058304;0.189016;-0.142082;,
  0.089185;0.191621;-0.178723;,
  0.127702;0.304628;-0.117112;,
  0.123535;0.287449;-0.158398;,
  0.153386;0.282215;-0.166490;,
  0.159177;0.285900;-0.134938;,
  0.140579;0.032160;-0.171425;,
  0.161608;0.019021;-0.130102;,
  0.160874;0.035774;-0.130990;,
  0.140859;0.045065;-0.164645;,
  0.088481;0.063367;-0.159349;,
  0.097350;0.032384;-0.172297;,
  0.058171;0.068729;-0.131515;,
  0.049146;0.015837;-0.129098;,
  0.065227;0.021677;-0.158017;,
  0.057930;0.222209;-0.088077;,
  0.050811;0.187879;-0.088076;,
  0.159859;0.015117;-0.088076;,
  0.160121;0.033804;-0.088076;,
  0.181212;0.147691;-0.140134;,
  0.185245;0.148515;-0.088076;,
  0.191232;0.189997;-0.088077;,
  0.186848;0.191886;-0.145066;,
  0.048027;0.032089;-0.151169;,
  -0.046715;0.055572;-0.166235;,
  -0.049307;0.023004;-0.200704;,
  0.051938;-0.002460;-0.182281;,
  -0.156729;0.060507;-0.174574;,
  -0.142956;0.020838;-0.197505;,
  0.045810;0.029980;-0.101911;,
  0.057594;-0.062113;-0.095776;,
  -0.061037;-0.039160;-0.113923;,
  -0.053059;0.036356;-0.116156;,
  -0.133922;-0.002443;-0.139505;,
  -0.148718;0.030731;-0.141908;,
  0.050889;-0.055839;-0.173281;,
  -0.055305;-0.041101;-0.193642;,
  -0.129100;-0.006824;-0.179773;,
  -0.279753;-0.214835;-0.173995;,
  -0.282220;-0.213011;-0.129100;,
  -0.243050;-0.241659;-0.134430;,
  -0.243280;-0.241520;-0.169287;,
  -0.189952;-0.006987;-0.169033;,
  -0.227653;-0.070332;-0.161484;,
  -0.202442;-0.091207;-0.186167;,
  -0.164234;-0.027747;-0.195916;,
  -0.266621;-0.139555;-0.154159;,
  -0.242373;-0.157792;-0.171115;,
  -0.182826;-0.028690;-0.123397;,
  -0.129526;-0.044270;-0.118587;,
  -0.170539;-0.095764;-0.120837;,
  -0.210082;-0.081274;-0.128618;,
  -0.218777;-0.158826;-0.137046;,
  -0.250208;-0.160433;-0.135194;,
  -0.119864;-0.048769;-0.190110;,
  -0.167054;-0.105904;-0.182000;,
  -0.215017;-0.156964;-0.161196;,
  0.091805;0.003594;-0.178400;,
  0.035292;0.012934;-0.088075;,
  0.035967;-0.024291;-0.088075;,
  0.045810;0.029980;-0.101911;,
  0.140628;-0.020837;-0.180133;,
  0.162575;-0.030696;-0.130102;,
  0.085380;-0.058517;-0.173272;,
  0.108126;-0.068777;-0.127352;,
  0.170204;0.096967;-0.135562;,
  0.163515;0.147053;-0.171807;,
  0.146899;0.152941;-0.183293;,
  0.093989;0.159399;-0.176819;,
  0.096079;0.109329;-0.159937;,
  0.145277;0.100605;-0.167556;,
  0.058455;0.159416;-0.142476;,
  0.066885;0.109130;-0.136996;,
  0.052290;0.163166;-0.088076;,
  0.061653;0.105121;-0.088076;,
  0.071078;0.226400;-0.203222;,
  0.094336;0.225873;-0.154700;,
  0.073176;0.180096;-0.223631;,
  0.095156;0.166262;-0.169636;,
  0.108661;0.127627;-0.193214;,
  0.089730;0.136806;-0.236925;,
  0.150819;0.222502;-0.177289;,
  0.156639;0.174086;-0.192528;,
  0.095156;0.166262;-0.169636;,
  0.145391;0.110626;-0.209911;,
  0.108661;0.127627;-0.193214;,
  0.154790;0.226103;-0.187273;,
  0.132697;0.233318;-0.225668;,
  0.134686;0.188242;-0.246578;,
  0.126446;0.119530;-0.253500;,
  0.095284;0.232257;-0.219833;,
  0.075094;0.148327;-0.232248;,
  0.095916;0.138727;-0.179573;,
  0.039334;0.120911;-0.166801;,
  0.028334;0.128028;-0.201089;,
  0.004844;0.099427;-0.155186;,
  -0.010402;0.107699;-0.176733;,
  0.095916;0.138727;-0.179573;,
  0.116084;0.081685;-0.197352;,
  0.052698;0.070296;-0.189898;,
  0.039334;0.120911;-0.166801;,
  0.005211;0.069720;-0.177102;,
  0.004844;0.099427;-0.155186;,
  0.095397;0.091380;-0.249712;,
  0.044438;0.076174;-0.216191;,
  -0.002347;0.073163;-0.187617;,
  -0.105657;0.079771;-0.091834;,
  -0.084894;0.072594;-0.092947;,
  -0.084691;0.047949;-0.134314;,
  -0.105042;0.055343;-0.132797;,
  -0.040658;0.079568;-0.102368;,
  -0.050385;0.074408;-0.104506;,
  -0.057081;0.082844;-0.102256;,
  -0.044868;0.088046;-0.095548;,
  -0.029425;0.055855;-0.165119;,
  -0.065629;0.060265;-0.157011;,
  -0.046509;0.097615;-0.125002;,
  -0.014339;0.084664;-0.127508;,
  -0.040766;0.085577;-0.185599;,
  -0.078602;0.074173;-0.163040;,
  -0.024487;0.116570;-0.147175;,
  -0.059667;0.110378;-0.132778;,
  0.124980;0.285640;-0.187383;,
  0.095437;0.285766;-0.192049;,
  0.123535;0.287449;-0.158398;,
  0.098999;0.282853;-0.155593;,
  0.169614;0.195402;-0.181875;,
  0.102058;0.296245;-0.126798;,
  0.075407;0.266978;-0.186988;,
  0.078644;0.261832;-0.156929;,
  0.075991;0.241458;-0.167080;,
  0.078643;0.242101;-0.184603;,
  0.161291;0.242518;-0.185564;,
  0.179133;0.233753;-0.145855;,
  0.157252;0.246519;-0.188153;,
  0.182917;0.228684;-0.088077;,
  0.153865;0.281246;-0.088077;,
  0.153386;0.282215;-0.166490;,
  0.157252;0.246519;-0.188153;,
  0.105277;0.220591;-0.173659;,
  0.147984;0.237126;-0.188263;,
  0.094336;0.225873;-0.154700;,
  0.137770;0.191992;-0.184014;,
  0.103525;0.188474;-0.177089;,
  0.075946;0.225562;-0.172568;,
  0.153524;0.194939;-0.189365;,
  -0.014339;0.084664;-0.127508;,
  0.113662;0.329137;-0.114119;,
  0.093572;0.322013;-0.123279;,
  0.132013;0.307031;-0.088107;,
  0.121257;0.333277;-0.088076;,
  -0.059667;0.110378;-0.132778;,
  -0.105657;0.079771;-0.091834;,
  -0.105042;0.055343;-0.132797;,
  -0.027222;0.087296;-0.114938;,
  -0.042519;0.105551;-0.104751;,
  -0.027222;0.087296;-0.114938;,
  -0.043841;0.083140;-0.119772;,
  -0.058448;0.102946;-0.120094;,
  -0.058448;0.102946;-0.120094;,
  -0.040658;0.079568;-0.102368;,
  -0.044868;0.088046;-0.095548;,
  -0.057081;0.082844;-0.102256;,
  -0.329119;-0.152097;-0.180235;,
  -0.361229;-0.132473;-0.148660;,
  -0.378015;-0.143234;-0.149981;,
  -0.347697;-0.165321;-0.185795;,
  -0.231981;-0.208391;-0.130684;,
  -0.243050;-0.241659;-0.134430;,
  -0.282220;-0.213011;-0.129100;,
  -0.269578;-0.191344;-0.127728;,
  -0.218777;-0.158826;-0.137046;,
  -0.215017;-0.156964;-0.161196;,
  -0.230632;-0.205636;-0.172223;,
  -0.279753;-0.214835;-0.173995;,
  -0.243280;-0.241520;-0.169287;,
  -0.261184;-0.185128;-0.175145;,
  -0.266621;-0.139555;-0.154159;,
  -0.242373;-0.157792;-0.171115;,
  -0.369556;-0.149378;-0.115041;,
  -0.354563;-0.141078;-0.121167;,
  -0.347697;-0.165321;-0.185795;,
  -0.369556;-0.149378;-0.115041;,
  -0.053059;0.036356;-0.116156;,
  -0.148718;0.030731;-0.141908;,
  -0.182826;-0.028690;-0.123397;,
  -0.210082;-0.081274;-0.128618;,
  -0.250208;-0.160433;-0.135194;,
  -0.250208;-0.160433;-0.135194;,
  0.078573;-0.054099;-0.088076;,
  0.075207;0.323827;-0.134186;,
  0.055990;0.319646;-0.125595;,
  0.057828;0.313095;-0.116665;,
  0.077527;0.314417;-0.115345;,
  0.098191;0.343587;-0.126487;,
  0.118456;0.354038;-0.118571;,
  0.059585;0.461607;-0.107757;,
  0.059508;0.466198;-0.088076;,
  0.032727;0.453010;-0.088076;,
  0.014668;0.393575;-0.121993;,
  0.021953;0.422146;-0.118325;,
  0.008073;0.392292;-0.105034;,
  0.078084;0.351581;-0.139512;,
  0.051980;0.339791;-0.131474;,
  0.083713;0.335405;-0.132618;,
  0.094238;0.387101;-0.140636;,
  0.071520;0.396360;-0.141112;,
  0.064416;0.432880;-0.140396;,
  0.038068;0.429597;-0.131730;,
  0.045128;0.391064;-0.136879;,
  0.130301;0.400342;-0.127192;,
  0.110257;0.391454;-0.138029;,
  0.141431;0.401674;-0.088076;,
  0.126748;0.448728;-0.088076;,
  0.116590;0.446440;-0.120932;,
  0.046952;0.368437;-0.137353;,
  0.023845;0.362520;-0.122918;,
  0.038492;0.329694;-0.122117;,
  0.027634;0.304721;-0.107578;,
  0.018375;0.300919;-0.088076;,
  0.039477;0.299622;-0.088076;,
  0.030071;0.441800;-0.113834;,
  0.060343;0.451338;-0.127437;,
  0.097813;0.443113;-0.136077;,
  0.088427;0.460160;-0.122543;,
  0.096856;0.468209;-0.088076;,
  0.094608;0.465888;-0.105310;,
  0.131085;0.362852;-0.088076;,
  0.097813;0.443113;-0.136077;,
  0.088427;0.460160;-0.122543;,
  0.081161;0.382029;-0.144180;,
  0.077359;0.354258;-0.143982;,
  0.094430;0.382103;-0.150674;,
  0.085595;0.400809;-0.147540;,
  0.094430;0.382103;-0.150674;,
  0.077359;0.354258;-0.143982;,
  0.085595;0.400809;-0.147540;,
  0.071520;0.396360;-0.141112;,
  0.065632;0.371896;-0.141618;,
  0.078084;0.351581;-0.139512;,
  0.023078;0.384762;-0.122630;,
  0.065632;0.371896;-0.141618;,
  0.102058;0.296245;-0.126798;,
  0.093572;0.322013;-0.123279;,
  0.098999;0.282853;-0.155593;,
  0.098191;0.343587;-0.126487;,
  0.073058;0.270642;-0.088077;,
  0.067910;0.247415;-0.088077;,
  0.054036;0.067785;-0.088076;,
  0.161413;-0.033071;-0.088076;,
  0.146301;-0.063865;-0.088076;,
  0.125378;-0.077349;-0.087457;,
  0.058532;0.296128;-0.088076;,
  0.078573;-0.054099;-0.088076;,
  0.094608;0.465888;-0.105310;,
  0.096856;0.468209;-0.088076;,
  0.021430;0.336104;-0.108195;,
  0.013848;0.358632;-0.100658;,
  0.013869;0.348979;-0.100850;,
  0.020736;0.443203;-0.088076;,
  0.008266;0.421024;-0.088076;,
  0.017560;0.383624;-0.102951;,
  0.172192;0.096117;-0.088076;,
  0.098999;0.282853;-0.155593;,
  -0.378015;-0.143234;-0.149981;,
  0.021841;0.329531;-0.107600;,
  0.014941;0.327312;-0.099933;,
  0.018421;0.332208;-0.099748;,
  -0.000691;0.356169;-0.088076;,
  0.008893;0.347872;-0.088076;,
  0.013512;0.336018;-0.099496;,
  0.017897;0.332496;-0.088076;,
  0.012243;0.325596;-0.088076;,
  0.001478;0.391009;-0.088076;,
  0.005602;0.381713;-0.088076;,
  0.147984;0.237126;-0.188263;,
  0.009776;0.336007;-0.088076;,
  0.122362;0.224585;-0.169220;,
  0.105277;0.220591;-0.173659;,
  0.075946;0.225562;-0.172568;,
  0.110257;0.391454;-0.138029;,
  -0.189952;-0.006987;-0.169033;,
  -0.189468;0.008082;-0.122125;,
  -0.235225;-0.053611;-0.129222;,
  -0.227653;-0.070332;-0.161484;,
  -0.156729;0.060507;-0.174574;,
  -0.144237;0.060219;-0.127317;,
  -0.046715;0.055572;-0.166235;,
  -0.047570;0.052184;-0.109850;,
  0.048027;0.032089;-0.151169;,
  0.041014;0.048960;-0.102327;,
  0.049146;0.015837;-0.129098;,
  -0.282744;-0.107795;-0.127394;,
  -0.266621;-0.139555;-0.154159;,
  -0.156342;-0.122499;-0.121603;,
  -0.195175;-0.180741;-0.119718;,
  -0.214488;-0.215541;-0.090643;,
  -0.165837;-0.161083;-0.089956;,
  -0.127461;-0.103591;-0.089717;,
  -0.118516;-0.053663;-0.120764;,
  -0.085399;-0.070239;-0.089751;,
  -0.124784;-0.025131;-0.128405;,
  -0.062145;-0.053796;-0.111026;,
  -0.020025;-0.071166;-0.087208;,
  0.105705;-0.082399;-0.088076;,
  0.122362;0.224585;-0.169220;,
  0.078644;0.261833;-0.019224;,
  0.075991;0.241458;-0.009074;,
  0.076533;0.252308;-0.054799;,
  0.091438;0.282301;-0.060009;,
  0.075946;0.225563;-0.003585;,
  0.089186;0.191621;0.002569;,
  0.058304;0.189016;-0.034070;,
  0.060759;0.220506;-0.047156;,
  0.127702;0.304628;-0.059042;,
  0.159178;0.285900;-0.041216;,
  0.153387;0.282216;-0.009664;,
  0.123535;0.287449;-0.017756;,
  0.140579;0.032159;-0.004727;,
  0.140859;0.045065;-0.011507;,
  0.160874;0.035774;-0.045162;,
  0.161608;0.019020;-0.046050;,
  0.088481;0.063367;-0.016803;,
  0.097350;0.032384;-0.003855;,
  0.058171;0.068729;-0.044637;,
  0.065215;0.021740;-0.018225;,
  0.049146;0.015837;-0.047052;,
  0.160121;0.033804;-0.088076;,
  0.159859;0.015117;-0.088076;,
  0.181213;0.147691;-0.036018;,
  0.186848;0.191886;-0.031088;,
  0.191232;0.189997;-0.088077;,
  0.185245;0.148515;-0.088076;,
  0.047683;0.031946;-0.025642;,
  0.052238;-0.001984;0.006353;,
  -0.048911;0.022998;0.025485;,
  -0.047078;0.054667;-0.009859;,
  -0.142550;0.019667;0.023416;,
  -0.156691;0.059002;-0.000386;,
  0.045009;0.028413;-0.074544;,
  -0.053762;0.034060;-0.059337;,
  -0.060897;-0.041573;-0.059484;,
  0.057608;-0.063421;-0.079034;,
  -0.149018;0.028046;-0.032353;,
  -0.134144;-0.005471;-0.034065;,
  -0.054251;-0.041335;0.020187;,
  0.051508;-0.055810;-0.001452;,
  -0.128803;-0.008733;0.006244;,
  -0.282918;-0.215332;0.006622;,
  -0.246444;-0.242018;0.001913;,
  -0.246215;-0.242156;-0.032944;,
  -0.285385;-0.213508;-0.038273;,
  -0.190457;-0.008197;-0.003546;,
  -0.164695;-0.028601;0.023565;,
  -0.204102;-0.091652;0.016240;,
  -0.229323;-0.071077;-0.008684;,
  -0.245440;-0.158073;0.003757;,
  -0.269616;-0.139865;-0.013348;,
  -0.184374;-0.031343;-0.048621;,
  -0.212428;-0.083275;-0.041461;,
  -0.173253;-0.098665;-0.049378;,
  -0.131420;-0.047972;-0.053733;,
  -0.253373;-0.160931;-0.032179;,
  -0.222170;-0.160036;-0.030546;,
  -0.169032;-0.107072;0.012000;,
  -0.120774;-0.050545;0.017746;,
  -0.218172;-0.157751;-0.006443;,
  0.091805;0.003594;0.002248;,
  0.045009;0.028413;-0.074544;,
  0.162575;-0.030696;-0.046050;,
  0.140628;-0.020837;0.003981;,
  0.108301;-0.069153;-0.048013;,
  0.085758;-0.058475;-0.002038;,
  0.170205;0.096967;-0.040590;,
  0.163516;0.147053;-0.004345;,
  0.146900;0.152941;0.007141;,
  0.145278;0.100605;-0.008596;,
  0.096080;0.109329;-0.016215;,
  0.093989;0.159399;0.000667;,
  0.066885;0.109130;-0.039156;,
  0.058456;0.159416;-0.033676;,
  0.071078;0.226400;0.027069;,
  0.073176;0.180096;0.047478;,
  0.094336;0.225873;-0.021453;,
  0.089730;0.136806;0.060772;,
  0.108661;0.127628;0.017062;,
  0.095155;0.166262;-0.006517;,
  0.150819;0.222502;0.001135;,
  0.095155;0.166262;-0.006517;,
  0.156639;0.174086;0.016374;,
  0.108661;0.127628;0.017062;,
  0.145392;0.110626;0.033758;,
  0.154790;0.226103;0.011119;,
  0.134686;0.188242;0.070424;,
  0.132697;0.233319;0.049515;,
  0.126447;0.119530;0.077347;,
  0.095284;0.232258;0.043680;,
  0.075093;0.148328;0.056096;,
  0.028334;0.128029;0.024937;,
  0.039334;0.120911;-0.009352;,
  0.095915;0.138728;0.003421;,
  -0.010402;0.107700;0.000580;,
  0.004844;0.099427;-0.020967;,
  0.095915;0.138728;0.003421;,
  0.039334;0.120911;-0.009352;,
  0.052698;0.070296;0.013746;,
  0.116084;0.081686;0.021199;,
  0.004844;0.099427;-0.020967;,
  0.005210;0.069720;0.000949;,
  0.044438;0.076175;0.040038;,
  0.095397;0.091381;0.073559;,
  -0.002347;0.073164;0.011464;,
  -0.105658;0.079770;-0.084318;,
  -0.105043;0.055343;-0.043355;,
  -0.084691;0.047949;-0.041838;,
  -0.084894;0.072593;-0.083206;,
  -0.040657;0.079568;-0.073784;,
  -0.044867;0.088046;-0.080604;,
  -0.057081;0.082844;-0.073897;,
  -0.050385;0.074408;-0.071646;,
  -0.029426;0.055854;-0.011034;,
  -0.014340;0.084663;-0.048644;,
  -0.046510;0.097615;-0.051150;,
  -0.065629;0.060265;-0.019141;,
  -0.078602;0.074173;-0.013113;,
  -0.040767;0.085576;0.009447;,
  -0.024488;0.116569;-0.028978;,
  -0.059668;0.110378;-0.043375;,
  0.124980;0.285640;0.011230;,
  0.095437;0.285767;0.015896;,
  0.098999;0.282854;-0.020560;,
  0.123535;0.287449;-0.017756;,
  0.169614;0.195403;0.005721;,
  0.102058;0.296245;-0.049356;,
  0.075408;0.266979;0.010835;,
  0.078644;0.242102;0.008450;,
  0.075991;0.241458;-0.009074;,
  0.078644;0.261833;-0.019224;,
  0.161291;0.242518;0.009411;,
  0.157253;0.246519;0.011999;,
  0.179133;0.233754;-0.030299;,
  0.182917;0.228684;-0.088077;,
  0.153865;0.281246;-0.088077;,
  0.153387;0.282216;-0.009664;,
  0.157253;0.246519;0.011999;,
  0.105276;0.220591;-0.002494;,
  0.094336;0.225873;-0.021453;,
  0.147984;0.237127;0.012110;,
  0.103525;0.188474;0.000935;,
  0.137771;0.191993;0.007860;,
  0.075946;0.225563;-0.003585;,
  0.153524;0.194940;0.013211;,
  -0.014340;0.084663;-0.048644;,
  0.093572;0.322013;-0.052873;,
  0.113662;0.329137;-0.062033;,
  0.121257;0.333277;-0.088076;,
  0.132013;0.307031;-0.088107;,
  -0.059668;0.110378;-0.043375;,
  -0.105658;0.079770;-0.084318;,
  -0.105043;0.055343;-0.043355;,
  -0.042518;0.105551;-0.071402;,
  -0.027222;0.087296;-0.061214;,
  -0.027222;0.087296;-0.061214;,
  -0.043841;0.083140;-0.056380;,
  -0.058448;0.102946;-0.056058;,
  -0.058448;0.102946;-0.056058;,
  -0.044867;0.088046;-0.080604;,
  -0.040657;0.079568;-0.073784;,
  -0.057081;0.082844;-0.073897;,
  -0.332284;-0.152595;0.012863;,
  -0.350861;-0.165819;0.018423;,
  -0.381179;-0.143732;-0.017391;,
  -0.364394;-0.132971;-0.018712;,
  -0.235146;-0.208889;-0.036690;,
  -0.272743;-0.191841;-0.039645;,
  -0.285385;-0.213508;-0.038273;,
  -0.246215;-0.242156;-0.032944;,
  -0.222170;-0.160036;-0.030546;,
  -0.233797;-0.206133;0.004850;,
  -0.218172;-0.157751;-0.006443;,
  -0.282918;-0.215332;0.006622;,
  -0.264349;-0.185625;0.007772;,
  -0.246444;-0.242018;0.001913;,
  -0.269616;-0.139865;-0.013348;,
  -0.245440;-0.158073;0.003757;,
  -0.357728;-0.141575;-0.046205;,
  -0.372721;-0.149876;-0.052331;,
  -0.372721;-0.149876;-0.052331;,
  -0.350861;-0.165819;0.018423;,
  -0.053762;0.034060;-0.059337;,
  -0.149018;0.028046;-0.032353;,
  -0.184374;-0.031343;-0.048621;,
  -0.212428;-0.083275;-0.041461;,
  -0.253373;-0.160931;-0.032179;,
  -0.253373;-0.160931;-0.032179;,
  0.075207;0.323828;-0.041966;,
  0.077527;0.314417;-0.060807;,
  0.057828;0.313095;-0.059487;,
  0.055990;0.319646;-0.050557;,
  0.098191;0.343588;-0.049665;,
  0.118456;0.354038;-0.057581;,
  0.059585;0.461607;-0.068395;,
  0.059508;0.466198;-0.088076;,
  0.014668;0.393576;-0.054159;,
  0.008073;0.392292;-0.071118;,
  0.021953;0.422146;-0.057827;,
  0.051980;0.339791;-0.044678;,
  0.078084;0.351582;-0.036640;,
  0.083713;0.335405;-0.043534;,
  0.094238;0.387101;-0.035516;,
  0.071520;0.396360;-0.035040;,
  0.045128;0.391064;-0.039273;,
  0.038068;0.429597;-0.044422;,
  0.064416;0.432880;-0.035756;,
  0.110257;0.391455;-0.038123;,
  0.130301;0.400342;-0.048960;,
  0.141431;0.401674;-0.088076;,
  0.116590;0.446441;-0.055220;,
  0.126748;0.448728;-0.088076;,
  0.046952;0.368438;-0.038799;,
  0.038492;0.329694;-0.054035;,
  0.023845;0.362520;-0.053234;,
  0.027634;0.304721;-0.068574;,
  0.030071;0.441800;-0.062318;,
  0.060343;0.451338;-0.048715;,
  0.088427;0.460160;-0.053609;,
  0.097813;0.443113;-0.040075;,
  0.094608;0.465888;-0.070842;,
  0.096856;0.468209;-0.088076;,
  0.131085;0.362852;-0.088076;,
  0.097813;0.443113;-0.040075;,
  0.088427;0.460160;-0.053609;,
  0.094430;0.382104;-0.025648;,
  0.077359;0.354258;-0.032267;,
  0.081161;0.382029;-0.031972;,
  0.085596;0.400809;-0.028795;,
  0.077359;0.354258;-0.032267;,
  0.094430;0.382104;-0.025648;,
  0.085596;0.400809;-0.028795;,
  0.071520;0.396360;-0.035040;,
  0.065633;0.371896;-0.034534;,
  0.078084;0.351582;-0.036640;,
  0.023078;0.384762;-0.053522;,
  0.065633;0.371896;-0.034534;,
  0.093572;0.322013;-0.052873;,
  0.102058;0.296245;-0.049356;,
  0.098999;0.282854;-0.020560;,
  0.098191;0.343588;-0.049665;,
  0.161413;-0.033071;-0.088076;,
  0.146301;-0.063865;-0.088076;,
  0.125378;-0.077349;-0.087457;,
  0.078573;-0.054099;-0.088076;,
  0.094608;0.465888;-0.070842;,
  0.096856;0.468209;-0.088076;,
  0.021430;0.336104;-0.067957;,
  0.013869;0.348979;-0.075302;,
  0.013848;0.358632;-0.075494;,
  0.017560;0.383624;-0.073201;,
  0.172192;0.096117;-0.088076;,
  0.098999;0.282854;-0.020560;,
  -0.381179;-0.143732;-0.017391;,
  0.014941;0.327312;-0.076219;,
  0.021841;0.329531;-0.068552;,
  0.018421;0.332208;-0.076404;,
  0.013512;0.336018;-0.076656;,
  0.147984;0.237127;0.012110;,
  0.122362;0.224586;-0.006934;,
  0.105276;0.220591;-0.002494;,
  0.075946;0.225563;-0.003585;,
  0.110257;0.391455;-0.038123;,
  -0.189903;0.007077;-0.052899;,
  -0.236783;-0.053513;-0.046971;,
  -0.236769;-0.047327;-0.086696;,
  -0.183948;0.008956;-0.087613;,
  -0.144799;0.058251;-0.047070;,
  -0.134693;0.053021;-0.087879;,
  -0.048346;0.050456;-0.064371;,
  -0.049809;0.044866;-0.087992;,
  0.040464;0.047831;-0.073641;,
  0.036215;0.042821;-0.088107;,
  0.035292;0.012934;-0.088075;,
  0.049146;0.015837;-0.047052;,
  -0.284663;-0.107330;-0.046964;,
  -0.284619;-0.092670;-0.085939;,
  -0.201936;-0.184974;-0.059517;,
  -0.218171;-0.157750;-0.006457;,
  -0.169032;-0.107072;0.012000;,
  -0.159951;-0.122892;-0.053593;,
  -0.120774;-0.050545;0.017746;,
  -0.120854;-0.060480;-0.048025;,
  -0.122880;-0.031347;-0.045046;,
  -0.128803;-0.008733;0.006244;,
  -0.054251;-0.041335;0.020187;,
  -0.062939;-0.058728;-0.062295;,
  0.146301;-0.063865;-0.088076;,
  0.108301;-0.069153;-0.048013;,
  0.122362;0.224586;-0.006934;,
  0.047683;0.031946;-0.025642;,
  -0.047078;0.054667;-0.009859;,
  -0.156691;0.059002;-0.000386;,
  -0.190457;-0.008197;-0.003546;,
  -0.229323;-0.071077;-0.008684;,
  -0.269616;-0.139865;-0.013348;,
  0.050889;-0.055839;-0.173281;,
  -0.055305;-0.041101;-0.193642;,
  0.108126;-0.068777;-0.127352;,
  -0.129100;-0.006824;-0.179773;,
  -0.119864;-0.048769;-0.190110;,
  -0.167054;-0.105904;-0.182000;,
  -0.215017;-0.156964;-0.161196;,
  0.051508;-0.055810;-0.001452;;
  916;
  3;0,2,1;,
  3;2,0,3;,
  3;4,6,5;,
  3;6,4,7;,
  3;8,10,9;,
  3;10,8,11;,
  3;12,14,13;,
  3;14,12,15;,
  3;16,12,17;,
  3;12,16,15;,
  3;18,20,19;,
  3;20,18,16;,
  3;5,22,21;,
  3;22,5,6;,
  3;13,24,23;,
  3;24,13,14;,
  3;25,27,26;,
  3;27,25,28;,
  3;29,31,30;,
  3;31,29,32;,
  3;31,33,30;,
  3;33,31,34;,
  3;35,37,36;,
  3;37,35,38;,
  3;38,39,37;,
  3;39,38,40;,
  3;36,42,41;,
  3;42,36,37;,
  3;37,43,42;,
  3;43,37,39;,
  3;41,31,32;,
  3;31,41,42;,
  3;42,34,31;,
  3;34,42,43;,
  3;44,46,45;,
  3;46,44,47;,
  3;48,50,49;,
  3;50,48,51;,
  3;49,53,52;,
  3;53,49,50;,
  3;54,56,55;,
  3;56,54,57;,
  3;57,58,56;,
  3;58,57,59;,
  3;55,61,60;,
  3;61,55,56;,
  3;56,62,61;,
  3;62,56,58;,
  3;60,50,51;,
  3;50,60,61;,
  3;61,53,50;,
  3;53,61,62;,
  3;32,20,63;,
  3;20,32,29;,
  3;64,66,65;,
  3;66,64,19;,
  3;13,67,12;,
  3;67,13,68;,
  3;68,69,67;,
  3;69,68,70;,
  3;70,41,69;,
  3;41,70,36;,
  3;48,34,51;,
  3;34,48,33;,
  3;51,43,60;,
  3;43,51,34;,
  3;43,55,60;,
  3;55,43,39;,
  3;39,54,55;,
  3;54,39,40;,
  3;12,63,17;,
  3;63,12,67;,
  3;67,32,63;,
  3;32,67,69;,
  3;69,41,32;,
  3;71,72,25;,
  3;73,75,74;,
  3;75,73,76;,
  3;75,77,74;,
  3;77,75,78;,
  3;79,78,80;,
  3;78,79,77;,
  3;81,83,82;,
  3;83,85,84;,
  3;85,83,86;,
  3;87,89,88;,
  3;89,90,88;,
  3;90,89,91;,
  3;92,94,93;,
  3;92,88,94;,
  3;92,87,88;,
  3;88,95,94;,
  3;95,88,90;,
  3;96,94,83;,
  3;94,86,83;,
  3;86,94,95;,
  3;97,99,98;,
  3;99,97,100;,
  3;100,101,99;,
  3;101,100,102;,
  3;103,105,104;,
  3;105,103,106;,
  3;106,107,105;,
  3;107,106,108;,
  3;104,110,109;,
  3;110,104,105;,
  3;105,111,110;,
  3;111,105,107;,
  3;109,100,97;,
  3;100,109,110;,
  3;110,102,100;,
  3;102,110,111;,
  3;112,114,113;,
  3;114,112,115;,
  3;116,118,117;,
  3;118,116,119;,
  3;120,122,121;,
  3;122,120,123;,
  3;120,125,124;,
  3;125,120,121;,
  3;126,125,127;,
  3;125,126,124;,
  3;95,97,86;,
  3;97,95,109;,
  3;86,98,85;,
  3;98,86,97;,
  3;90,103,104;,
  3;103,90,91;,
  3;104,95,90;,
  3;95,104,109;,
  3;128,96,129;,
  3;96,128,93;,
  3;129,130,128;,
  3;130,129,131;,
  3;72,28,25;,
  3;28,72,132;,
  3;9,133,8;,
  3;134,136,135;,
  3;136,134,137;,
  3;81,137,134;,
  3;138,11,139;,
  3;138,10,11;,
  3;138,140,10;,
  3;141,11,142;,
  3;11,141,139;,
  3;128,130,143;,
  3;93,144,92;,
  3;93,143,144;,
  3;93,128,143;,
  3;145,87,146;,
  3;87,145,147;,
  3;74,148,73;,
  3;148,74,149;,
  3;150,147,145;,
  3;7,149,74;,
  3;148,151,73;,
  3;102,152,101;,
  3;152,102,126;,
  3;102,124,126;,
  3;124,102,111;,
  3;111,120,124;,
  3;120,111,107;,
  3;120,108,123;,
  3;108,120,107;,
  3;8,154,153;,
  3;154,8,133;,
  3;153,155,8;,
  3;155,153,156;,
  3;121,113,114;,
  3;113,121,122;,
  3;122,112,113;,
  3;112,122,157;,
  3;158,125,159;,
  3;125,158,127;,
  3;159,121,114;,
  3;121,159,125;,
  3;126,160,152;,
  3;160,126,161;,
  3;162,122,123;,
  3;122,162,163;,
  3;122,164,157;,
  3;164,122,163;,
  3;165,126,127;,
  3;126,165,161;,
  3;161,166,160;,
  3;166,161,167;,
  3;162,117,163;,
  3;117,162,116;,
  3;163,118,164;,
  3;118,163,117;,
  3;165,167,161;,
  3;167,165,168;,
  3;169,171,170;,
  3;171,169,172;,
  3;173,175,174;,
  3;175,173,176;,
  3;177,179,178;,
  3;179,177,173;,
  3;180,179,181;,
  3;179,180,182;,
  3;183,169,170;,
  3;169,183,184;,
  3;175,186,185;,
  3;186,175,176;,
  3;45,187,44;,
  3;187,45,188;,
  3;180,169,182;,
  3;169,180,172;,
  3;19,29,66;,
  3;20,29,19;,
  3;29,30,189;,
  3;30,190,189;,
  3;190,30,33;,
  3;33,191,190;,
  3;191,33,48;,
  3;191,49,192;,
  3;49,191,48;,
  3;192,52,193;,
  3;52,192,49;,
  3;194,170,186;,
  3;170,194,183;,
  3;170,185,186;,
  3;185,170,171;,
  3;186,176,194;,
  3;194,173,177;,
  3;173,194,176;,
  3;179,174,181;,
  3;174,179,173;,
  3;178,182,184;,
  3;182,178,179;,
  3;182,169,184;,
  3;16,17,20;,
  3;17,63,20;,
  3;66,195,65;,
  3;196,198,197;,
  3;198,196,199;,
  3;200,153,154;,
  3;153,200,201;,
  3;202,204,203;,
  3;205,207,206;,
  3;196,209,208;,
  3;209,196,197;,
  3;210,208,211;,
  3;208,210,196;,
  3;212,214,213;,
  3;214,212,215;,
  3;212,213,211;,
  3;201,217,216;,
  3;217,201,200;,
  3;218,220,219;,
  3;220,218,216;,
  3;210,199,196;,
  3;214,205,206;,
  3;221,223,222;,
  3;197,198,224;,
  3;224,226,225;,
  3;226,224,198;,
  3;227,214,206;,
  3;228,229,213;,
  3;229,228,230;,
  3;219,232,231;,
  3;214,228,213;,
  3;156,201,233;,
  3;201,156,153;,
  3;233,216,218;,
  3;216,233,201;,
  3;220,216,234;,
  3;235,220,234;,
  3;236,238,237;,
  3;238,236,239;,
  3;208,240,211;,
  3;240,208,241;,
  3;211,242,212;,
  3;242,211,240;,
  3;243,236,244;,
  3;236,243,239;,
  3;244,237,245;,
  3;237,244,236;,
  3;246,221,222;,
  3;221,246,215;,
  3;221,212,247;,
  3;212,221,215;,
  3;199,248,1;,
  3;248,199,249;,
  3;133,9,250;,
  3;249,210,251;,
  3;210,249,199;,
  3;210,211,251;,
  3;252,2,253;,
  3;2,252,1;,
  3;19,254,18;,
  3;254,19,64;,
  3;23,68,13;,
  3;68,23,255;,
  3;68,256,70;,
  3;256,68,255;,
  3;256,36,70;,
  3;36,256,257;,
  3;258,1,252;,
  3;1,258,199;,
  3;257,259,36;,
  3;36,259,35;,
  3;260,203,261;,
  3;203,260,202;,
  3;262,263,222;,
  3;263,262,264;,
  3;198,258,226;,
  3;258,198,199;,
  3;265,204,227;,
  3;265,206,266;,
  3;206,265,227;,
  3;222,267,246;,
  3;267,222,263;,
  3;89,87,147;,
  3;82,83,84;,
  3;78,16,18;,
  3;16,78,75;,
  3;75,15,16;,
  3;15,75,76;,
  3;15,71,14;,
  3;71,15,76;,
  3;14,268,24;,
  3;268,14,71;,
  3;248,269,1;,
  3;1,269,0;,
  3;135,129,134;,
  3;129,135,131;,
  3;134,96,81;,
  3;96,134,129;,
  3;96,83,81;,
  3;94,96,93;,
  3;29,189,66;,
  3;205,215,246;,
  3;267,205,246;,
  3;205,267,207;,
  3;205,214,215;,
  3;187,188,270;,
  3;224,272,271;,
  3;223,221,209;,
  3;224,223,197;,
  3;271,273,262;,
  3;273,271,272;,
  3;263,275,274;,
  3;273,276,262;,
  3;277,272,278;,
  3;272,277,273;,
  3;223,271,262;,
  3;271,223,224;,
  3;223,209,197;,
  3;208,221,247;,
  3;221,208,209;,
  3;222,223,262;,
  3;266,207,279;,
  3;207,266,206;,
  3;207,280,279;,
  3;280,207,267;,
  3;280,263,274;,
  3;263,280,267;,
  3;264,262,276;,
  3;76,73,72;,
  3;138,281,140;,
  3;73,132,72;,
  3;132,73,151;,
  3;72,71,76;,
  3;272,225,278;,
  3;155,11,8;,
  3;276,277,282;,
  3;277,276,273;,
  3;275,276,282;,
  3;276,275,264;,
  3;28,141,27;,
  3;141,28,139;,
  3;139,132,138;,
  3;132,139,28;,
  3;132,281,138;,
  3;281,132,151;,
  3;281,148,283;,
  3;148,281,151;,
  3;283,149,284;,
  3;149,283,148;,
  3;7,284,149;,
  3;284,7,4;,
  3;6,79,22;,
  3;79,6,77;,
  3;77,7,74;,
  3;7,77,6;,
  3;5,3,4;,
  3;3,5,2;,
  3;285,137,82;,
  3;137,285,136;,
  3;137,81,82;,
  3;92,146,87;,
  3;146,92,144;,
  3;2,21,253;,
  3;21,2,5;,
  3;286,213,229;,
  3;251,211,286;,
  3;213,286,211;,
  3;234,216,217;,
  3;227,202,228;,
  3;202,230,228;,
  3;230,202,260;,
  3;232,220,235;,
  3;228,214,227;,
  3;26,71,25;,
  3;71,26,268;,
  3;155,142,11;,
  3;18,80,78;,
  3;80,18,254;,
  3;272,224,225;,
  3;275,263,264;,
  3;202,227,204;,
  3;232,219,220;,
  3;287,289,288;,
  3;289,287,290;,
  3;291,288,292;,
  3;288,291,287;,
  3;293,292,294;,
  3;292,293,291;,
  3;295,294,296;,
  3;294,295,293;,
  3;296,297,295;,
  3;298,290,299;,
  3;290,298,289;,
  3;300,302,301;,
  3;302,300,303;,
  3;304,300,305;,
  3;300,304,303;,
  3;306,305,307;,
  3;305,306,304;,
  3;308,306,307;,
  3;306,308,309;,
  3;308,310,309;,
  3;145,146,311;,
  3;312,314,313;,
  3;314,312,315;,
  3;316,318,317;,
  3;318,316,319;,
  3;320,322,321;,
  3;322,320,323;,
  3;324,326,325;,
  3;326,324,327;,
  3;328,324,325;,
  3;324,328,329;,
  3;330,331,328;,
  3;331,330,332;,
  3;319,22,318;,
  3;22,319,21;,
  3;327,333,326;,
  3;333,327,334;,
  3;335,337,336;,
  3;337,335,338;,
  3;339,341,340;,
  3;341,339,342;,
  3;341,344,343;,
  3;344,341,342;,
  3;345,347,346;,
  3;347,345,348;,
  3;346,350,349;,
  3;350,346,347;,
  3;348,351,347;,
