xof 0303txt 0032
template XSkinMeshHeader {
 <3cf169ce-ff7c-44ab-93c0-f78f62d172e2>
 WORD nMaxSkinWeightsPerVertex;
 WORD nMaxSkinWeightsPerFace;
 WORD nBones;
}

template VertexDuplicationIndices {
 <b8d65549-d7c9-4995-89cf-53a9a8b031e3>
 DWORD nIndices;
 DWORD nOriginalVertices;
 array DWORD indices[nIndices];
}

template SkinWeights {
 <6f0d123b-bad2-4167-a0d0-80224f25fabb>
 STRING transformNodeName;
 DWORD nWeights;
 array DWORD vertexIndices[nWeights];
 array FLOAT weights[nWeights];
 Matrix4x4 matrixOffset;
}

template AnimTicksPerSecond {
 <9e415a43-7ba6-4a73-8743-b73d47e88476>
 DWORD AnimTicksPerSecond;
}

template VertexElement {
 <f752461c-1e23-48f6-b9f8-8350850f336f>
 DWORD Type;
 DWORD Method;
 DWORD Usage;
 DWORD UsageIndex;
}

template DeclData {
 <bf22e553-292c-4781-9fea-62bd554bdd93>
 DWORD nElements;
 array VertexElement Elements[nElements];
 DWORD nDWords;
 array DWORD data[nDWords];
}


AnimTicksPerSecond {
 4800;
}

Frame Dummy01 {
 

 FrameTransformMatrix {
  -1.000000,-0.000000,0.000000,0.000000,-0.000000,0.000000,1.000000,0.000000,-0.000000,1.000000,-0.000000,0.000000,0.000000,0.000000,0.000000,1.000000;;
 }

 Frame Bip01 {
  

  FrameTransformMatrix {
   0.641733,0.089090,0.761736,0.000000,0.766873,-0.086469,-0.635948,0.000000,0.009210,0.992263,-0.123811,0.000000,0.000000,0.000107,0.363346,1.000000;;
  }

  Frame Bip01_Pelvis {
   

   FrameTransformMatrix {
    -0.000000,-1.000000,-0.000001,0.000000,-0.087154,0.000001,-0.996195,0.000000,0.996195,0.000000,-0.087154,0.000000,0.000000,0.000000,-0.000000,1.000000;;
   }

   Frame Bip01_Spine {
    

    FrameTransformMatrix {
     0.839199,0.128071,0.528530,0.000000,-0.148044,0.988970,-0.004578,0.000000,-0.523287,-0.074404,0.848903,0.000000,0.051678,0.000006,-0.000072,1.000000;;
    }

    Frame Bip01_Spine1 {
     

     FrameTransformMatrix {
      0.998082,0.045354,0.042131,0.000000,-0.046568,0.998515,0.028282,0.000000,-0.040786,-0.030190,0.998712,0.000000,0.106483,0.000003,-0.000085,1.000000;;
     }

     Frame Bip01_Neck {
      

      FrameTransformMatrix {
       0.903366,-0.000001,0.428871,0.000000,0.000001,1.000000,-0.000000,0.000000,-0.428871,0.000000,0.903365,0.000000,0.130516,0.000000,0.004628,1.000000;;
      }

      Frame Bip01_Head {
       

       FrameTransformMatrix {
        0.970437,0.077613,0.228534,0.000000,-0.035875,0.982751,-0.181418,0.000000,-0.238673,0.167856,0.956483,0.000000,0.033674,-0.000000,-0.000000,1.000000;;
       }

       Frame Bip01_HeadNub {
        

        FrameTransformMatrix {
         1.000000,0.000000,-0.000000,0.000000,-0.000000,1.000000,-0.000000,0.000000,0.000000,0.000000,1.000000,0.000000,0.169824,-0.000000,0.000000,1.000000;;
        }
       }
      }

      Frame Bip01_R_Clavicle {
       

       FrameTransformMatrix {
        -0.096798,-0.994238,0.046046,0.000000,-0.897821,0.107192,0.427115,0.000000,-0.429590,0.000003,-0.903024,0.000000,-0.023698,-0.015715,0.006128,1.000000;;
       }

       Frame Bip01_R_UpperArm {
        

        FrameTransformMatrix {
         0.149532,0.637054,0.756177,0.000000,-0.931285,0.347681,-0.108751,0.000000,-0.332189,-0.687954,0.645268,0.000000,0.087086,-0.000000,-0.000000,1.000000;;
        }

        Frame Bip01_R_Forearm {
         

         FrameTransformMatrix {
          0.589463,0.000000,-0.807795,0.000000,0.000000,1.000000,0.000000,0.000000,0.807796,-0.000000,0.589464,0.000000,0.137062,-0.000000,0.000000,1.000000;;
         }

         Frame Bip01_R_Hand {
          

          FrameTransformMatrix {
           0.838011,-0.441692,-0.320384,0.000000,-0.214073,0.273949,-0.937616,0.000000,0.501907,0.854319,0.135018,0.000000,0.137062,-0.000000,-0.000000,1.000000;;
          }

          Frame Bip01_R_Finger0 {
           

           FrameTransformMatrix {
            0.829256,0.514255,0.218807,0.000000,-0.558537,0.749101,0.356210,0.000000,0.019274,-0.417601,0.908427,0.000000,0.057681,0.023605,-0.000272,1.000000;;
           }

           Frame Bip01_R_Finger0Nub {
            

            FrameTransformMatrix {
             1.000000,-0.000000,-0.000000,0.000000,0.000000,1.000000,-0.000000,0.000000,0.000000,0.000000,1.000000,0.000000,0.029435,-0.000000,0.000000,1.000000;;
            }
           }
          }

          Frame Bip01_R_Finger1 {
           

           FrameTransformMatrix {
            0.449718,0.000711,0.893170,0.000000,-0.000000,1.000000,-0.000796,0.000000,-0.893170,0.000358,0.449718,0.000000,0.084102,0.000000,-0.000000,1.000000;;
           }

           Frame Bip01_R_Finger1Nub {
            

            FrameTransformMatrix {
             1.000000,-0.000000,-0.000000,0.000000,0.000000,1.000000,-0.000000,0.000000,0.000000,0.000000,1.000000,0.000000,0.047988,0.000000,0.000000,1.000000;;
            }
           }
          }
         }
        }
       }
      }

      Frame Bip01_L_Clavicle {
       

       FrameTransformMatrix {
        -0.236229,0.944736,-0.227311,0.000000,0.881617,0.110016,-0.458963,0.000000,-0.408591,-0.308822,-0.858884,0.000000,-0.023698,0.015714,0.006128,1.000000;;
       }

       Frame Bip01_L_UpperArm {
        

        FrameTransformMatrix {
         0.553181,-0.653053,0.517217,0.000000,0.810814,0.564594,-0.154321,0.000000,-0.191238,0.504734,0.841827,0.000000,0.087086,-0.000000,0.000000,1.000000;;
        }

        Frame Bip01_L_Forearm {
         

         FrameTransformMatrix {
          0.514987,-0.000000,-0.857198,0.000000,0.000000,1.000000,-0.000000,0.000000,0.857198,-0.000000,0.514987,0.000000,0.137062,-0.000000,0.000000,1.000000;;
         }

         Frame Bip01_L_Hand {
          

          FrameTransformMatrix {
           0.848001,0.320353,-0.422219,0.000000,0.037879,0.757976,0.651181,0.000000,0.528640,-0.568195,0.630630,0.000000,0.137062,-0.000000,0.000000,1.000000;;
          }

          Frame Bip01_L_Finger0 {
           

           FrameTransformMatrix {
            0.829256,-0.514255,0.218807,0.000000,0.558537,0.749101,-0.356210,0.000000,0.019274,0.417601,0.908427,0.000000,0.057681,-0.023605,-0.000272,1.000000;;
           }

           Frame Bip01_L_Finger0Nub {
            

            FrameTransformMatrix {
             -1.000001,-0.000000,0.000000,0.000000,-0.000000,1.000000,0.000000,0.000000,-0.000000,0.000000,-1.000000,0.000000,0.029435,-0.000000,0.000000,1.000000;;
            }
           }
          }

          Frame Bip01_L_Finger1 {
           

           FrameTransformMatrix {
            0.989590,-0.000115,0.143914,0.000000,0.000000,1.000000,0.000796,0.000000,-0.143914,-0.000788,0.989590,0.000000,0.084102,0.000000,0.000000,1.000000;;
           }

           Frame Bip01_L_Finger1Nub {
            

            FrameTransformMatrix {
             -1.000000,0.000000,-0.000000,0.000000,0.000000,1.000000,0.000000,0.000000,0.000000,0.000000,-1.000000,0.000000,0.047988,0.000000,0.000000,1.000000;;
            }
           }
          }
         }
        }
       }
      }
     }

     Frame Bip01_BackPack {
      

      FrameTransformMatrix {
       0.199038,0.182273,-0.962892,0.000000,-0.080868,0.982255,0.169222,0.000000,0.976650,0.044186,0.210246,0.000000,0.055206,-0.003391,-0.069352,1.000000;;
      }

      Frame Bip01_BackPackNub {
       

       FrameTransformMatrix {
        0.000796,-0.000003,1.000000,0.000000,-0.000023,-1.000000,-0.000003,0.000000,1.000000,-0.000023,-0.000796,0.000000,0.053240,-0.000000,-0.000000,1.000000;;
       }
      }
     }
    }

    Frame Bip01_R_Thigh {
     

     FrameTransformMatrix {
      -0.300098,0.016174,0.953771,0.000000,-0.117302,-0.992893,-0.020071,0.000000,0.946668,-0.117903,0.299863,0.000000,-0.050403,-0.046972,0.031213,1.000000;;
     }

     Frame Bip01_R_Calf {
      

      FrameTransformMatrix {
       0.996114,-0.000000,-0.088077,0.000000,0.000000,1.000000,-0.000000,0.000000,0.088077,0.000000,0.996114,0.000000,0.237500,-0.000000,-0.000000,1.000000;;
      }

      Frame Bip01_R_Foot {
       

       FrameTransformMatrix {
        0.995125,0.033414,-0.092793,0.000000,-0.067037,0.919264,-0.387891,0.000000,0.072340,0.392220,0.917023,0.000000,0.206841,0.000000,0.000000,1.000000;;
       }

       Frame Bip01_R_Toe0 {
        

        FrameTransformMatrix {
         0.000001,0.000000,1.000000,0.000000,-0.000000,1.000000,0.000000,0.000000,-1.000000,-0.000000,0.000001,0.000000,0.065373,0.000000,0.066450,1.000000;;
        }

        Frame Bip01_R_Toe0Nub {
         

         FrameTransformMatrix {
          -1.000000,-0.000000,-0.000000,0.000000,-0.000000,1.000000,0.000000,0.000000,0.000000,0.000000,-1.000000,0.000000,0.006735,-0.000000,0.000000,1.000000;;
         }
        }
       }
      }
     }
    }

    Frame Bip01_L_Thigh {
     

     FrameTransformMatrix {
      0.275087,-0.002040,0.961417,0.000000,-0.042680,-0.999038,0.010092,0.000000,0.960472,-0.043809,-0.274910,0.000000,-0.036258,0.062260,0.022995,1.000000;;
     }

     Frame Bip01_L_Calf {
      

      FrameTransformMatrix {
       0.377606,0.000000,-0.925966,0.000000,-0.000000,1.000000,-0.000000,0.000000,0.925967,0.000000,0.377606,0.000000,0.237500,-0.000000,0.000000,1.000000;;
      }

      Frame Bip01_L_Foot {
       

       FrameTransformMatrix {
        0.969083,0.246444,-0.011997,0.000000,-0.246162,0.969000,0.021059,0.000000,0.016815,-0.017455,0.999706,0.000000,0.206841,0.000000,0.000000,1.000000;;
       }

       Frame Bip01_L_Toe0 {
        

        FrameTransformMatrix {
         0.000000,0.000000,1.000000,0.000000,-0.000000,1.000000,0.000000,0.000000,-1.000000,-0.000000,0.000000,0.000000,0.065373,-0.000000,0.066450,1.000000;;
        }

        Frame Bip01_L_Toe0Nub {
         

         FrameTransformMatrix {
          1.000000,-0.000000,0.000000,0.000000,0.000000,1.000000,-0.000000,0.000000,-0.000000,0.000000,1.000000,0.000000,0.006735,0.000000,-0.000000,1.000000;;
         }
        }
       }
      }
     }
    }
   }

   Frame Bip01_DressFront {
    

    FrameTransformMatrix {
     -0.440029,-0.213192,0.872309,0.000000,0.289781,0.885728,0.362649,0.000000,-0.849942,0.412354,-0.327967,0.000000,-0.012271,-0.001460,0.079667,1.000000;;
    }

    Frame Bip01_DressFront02 {
     

     FrameTransformMatrix {
      0.703844,-0.285854,0.650302,0.000000,0.366935,0.930173,0.011731,0.000000,-0.608246,0.230362,0.759586,0.000000,0.183404,-0.000030,-0.000100,1.000000;;
     }

     Frame Bip01_DressFrontNub {
      

      FrameTransformMatrix {
       0.000796,-0.000003,1.000000,0.000000,0.000026,-1.000000,-0.000003,0.000000,1.000000,0.000026,-0.000796,0.000000,0.165302,0.000000,0.000000,1.000000;;
      }
     }
    }
   }

   Frame Bip01_DressBack {
    

    FrameTransformMatrix {
     -0.476564,-0.006691,0.879114,0.000000,0.638457,0.684799,0.351317,0.000000,-0.604367,0.728701,-0.322079,0.000000,-0.047648,-0.000102,-0.078374,1.000000;;
    }

    Frame Bip01_DressBack02 {
     

     FrameTransformMatrix {
      0.845555,-0.418654,0.331308,0.000000,0.470429,0.877676,-0.091549,0.000000,-0.252454,0.233267,0.939071,0.000000,0.176186,-0.000025,-0.000102,1.000000;;
     }

     Frame Bip01_DressBackNub {
      

      FrameTransformMatrix {
       0.000796,-0.000003,1.000000,0.000000,-0.000034,-1.000000,-0.000003,0.000000,1.000000,-0.000034,-0.000796,0.000000,0.136508,-0.000000,0.000000,1.000000;;
      }
     }
    }
   }
  }

  Frame Bip01_Prop1 {
   

   FrameTransformMatrix {
    -0.767302,0.362337,0.529112,0.000000,-0.628017,-0.591543,-0.505641,0.000000,0.129780,-0.720270,0.681446,0.000000,-0.086746,0.021321,-0.240072,1.000000;;
   }
  }

  Frame Bip01_Prop2 {
   

   FrameTransformMatrix {
    -0.349777,0.284187,0.892689,0.000000,-0.658957,-0.751945,-0.018814,0.000000,0.665906,-0.594825,0.450280,0.000000,-0.092180,-0.074426,0.182112,1.000000;;
   }
  }
 }

 Mesh Mesh {
  617;
  0.098451;0.627217;0.014846;,
  0.082613;0.615312;0.058258;,
  0.074326;0.605204;0.023915;,
  0.073751;0.598177;0.070339;,
  0.048958;0.582013;0.035633;,
  0.067660;0.583367;0.079077;,
  0.034081;0.553232;0.052440;,
  0.067074;0.547859;0.086995;,
  0.131529;0.623937;0.054040;,
  0.140236;0.634811;0.011549;,
  0.159428;0.609477;0.060283;,
  0.164367;0.607330;0.029484;,
  0.071781;0.340815;0.045694;,
  0.057156;0.360192;0.087324;,
  0.081249;0.359712;0.047128;,
  0.066223;0.375233;0.081031;,
  0.019540;0.381510;0.086960;,
  0.028324;0.414064;0.076344;,
  -0.027698;0.393184;0.041179;,
  0.005214;0.432876;0.048637;,
  -0.014152;0.390154;0.070644;,
  0.043352;0.581494;-0.005033;,
  0.022368;0.550957;-0.000757;,
  0.071095;0.340669;0.003456;,
  0.081583;0.359910;0.004236;,
  0.138119;0.471309;-0.004150;,
  0.137476;0.474771;0.047943;,
  0.156101;0.505866;-0.008401;,
  0.157045;0.513042;0.048324;,
  -0.142935;0.403727;0.065376;,
  -0.047156;0.395503;0.058371;,
  -0.145229;0.372503;0.101087;,
  -0.044540;0.358201;0.090720;,
  -0.235425;0.406428;0.065375;,
  -0.237975;0.360016;0.090953;,
  -0.043081;0.290298;0.003898;,
  -0.043691;0.384431;0.009414;,
  -0.144362;0.305995;0.016773;,
  -0.143541;0.381955;0.015949;,
  -0.236971;0.325084;0.034601;,
  -0.238840;0.367492;0.034666;,
  -0.049894;0.298526;0.081782;,
  -0.144751;0.307882;0.096698;,
  -0.234445;0.322406;0.075233;,
  -0.515152;0.343697;0.043034;,
  -0.509426;0.320743;0.081314;,
  -0.508569;0.298722;0.025220;,
  -0.504460;0.283222;0.056171;,
  -0.364894;0.377915;0.063758;,
  -0.290890;0.381522;0.064960;,
  -0.366348;0.347269;0.090948;,
  -0.291789;0.350675;0.094331;,
  -0.445832;0.372052;0.067766;,
  -0.444371;0.340832;0.080999;,
  -0.292804;0.307070;0.019799;,
  -0.308768;0.360426;0.022067;,
  -0.357971;0.313403;0.027000;,
  -0.367032;0.354891;0.032550;,
  -0.434198;0.325672;0.044744;,
  -0.454630;0.355557;0.047799;,
  -0.285341;0.301737;0.091528;,
  -0.359447;0.309400;0.088948;,
  -0.428347;0.321501;0.067879;,
  0.000310;0.358832;0.090533;,
  -0.056025;0.367064;-0.003342;,
  -0.038510;0.399780;-0.000327;,
  -0.043691;0.384431;0.009414;,
  0.030859;0.313566;0.091681;,
  0.048447;0.297088;0.041669;,
  -0.025410;0.293050;0.081976;,
  -0.006784;0.276888;0.036274;,
  0.113233;0.427299;0.048151;,
  0.122350;0.481243;0.080399;,
  0.059248;0.513946;0.087891;,
  0.108811;0.492496;0.092212;,
  0.047130;0.460986;0.075075;,
  0.091960;0.439108;0.080946;,
  0.022699;0.522422;0.055450;,
  0.018177;0.468089;0.053493;,
  0.009808;0.463737;0.005161;,
  0.013465;0.522773;0.001126;,
  0.084566;0.561203;0.075325;,
  0.104214;0.566713;0.125117;,
  0.135946;0.528556;0.135232;,
  0.116258;0.508988;0.082134;,
  0.150673;0.475348;0.089282;,
  0.166964;0.490092;0.132593;,
  0.167724;0.537757;0.052314;,
  0.136602;0.578096;0.048515;,
  0.116258;0.508988;0.082134;,
  0.195781;0.485945;0.067324;,
  0.150673;0.475348;0.089282;,
  0.155762;0.594563;0.094858;,
  0.144852;0.584807;0.052430;,
  0.187356;0.557646;0.105444;,
  0.212115;0.500501;0.110509;,
  0.128872;0.582383;0.118596;,
  0.137282;0.460620;0.093465;,
  0.157089;0.479715;0.143897;,
  0.128444;0.408520;0.123291;,
  0.141335;0.423056;0.154434;,
  0.124834;0.368783;0.138388;,
  0.132169;0.374937;0.163347;,
  0.196034;0.446067;0.075230;,
  0.137282;0.460620;0.093465;,
  0.183872;0.397129;0.114808;,
  0.128444;0.408520;0.123291;,
  0.162320;0.357611;0.138571;,
  0.124834;0.368783;0.138388;,
  0.215759;0.465143;0.125352;,
  0.193486;0.408640;0.138664;,
  0.166760;0.363352;0.154420;,
  0.075246;0.305945;0.189691;,
  0.067794;0.292858;0.205724;,
  0.122771;0.298404;0.191461;,
  0.114929;0.285714;0.207229;,
  0.068327;0.332090;0.203523;,
  0.064780;0.337294;0.194242;,
  0.071967;0.340963;0.208916;,
  0.063610;0.347968;0.198801;,
  0.133791;0.309888;0.192919;,
  0.143116;0.322105;0.158865;,
  0.095110;0.345327;0.187173;,
  0.100635;0.347243;0.152899;,
  0.156960;0.347824;0.182913;,
  0.136686;0.318167;0.210840;,
  0.099945;0.352820;0.204976;,
  0.113255;0.375255;0.176642;,
  0.109691;0.633096;0.090364;,
  0.136665;0.622024;0.084010;,
  0.131529;0.623937;0.054040;,
  0.108930;0.627243;0.053981;,
  0.144766;0.524681;0.085518;,
  0.114244;0.637108;0.023417;,
  0.082613;0.615312;0.058258;,
  0.084271;0.621448;0.089347;,
  0.073751;0.598177;0.070339;,
  0.078387;0.590672;0.096333;,
  0.165234;0.552495;0.044621;,
  0.152980;0.573313;0.080624;,
  0.151053;0.578969;0.082597;,
  0.153658;0.601360;-0.016293;,
  0.161878;0.541993;-0.012447;,
  0.159428;0.609477;0.060283;,
  0.151053;0.578969;0.082597;,
  0.139234;0.572362;0.085374;,
  0.093037;0.568791;0.077922;,
  0.084566;0.561203;0.075325;,
  0.113641;0.532280;0.089644;,
  0.079493;0.539959;0.084895;,
  0.067660;0.583367;0.079077;,
  0.129958;0.530154;0.093861;,
  0.100635;0.347243;0.152899;,
  0.129945;0.672189;0.008593;,
  0.110047;0.667468;0.018349;,
  0.142564;0.633256;-0.017733;,
  0.137480;0.673592;-0.017652;,
  0.099945;0.352820;0.204976;,
  0.114929;0.285714;0.207229;,
  0.067794;0.292858;0.205724;,
  0.073355;0.338713;0.176278;,
  0.076988;0.360110;0.190420;,
  0.073355;0.338713;0.176278;,
  0.082127;0.333595;0.190897;,
  0.095046;0.352105;0.200706;,
  0.095046;0.352105;0.200706;,
  0.064780;0.337294;0.194242;,
  0.063610;0.347968;0.198801;,
  0.071967;0.340963;0.208916;,
  -0.508360;0.435527;0.111096;,
  -0.496921;0.388891;0.121457;,
  -0.527404;0.438197;0.116526;,
  -0.518459;0.389142;0.130783;,
  -0.508569;0.298722;0.025220;,
  -0.477434;0.315273;0.025223;,
  -0.515152;0.343697;0.043034;,
  -0.491049;0.350673;0.041786;,
  -0.428347;0.321501;0.067879;,
  -0.434198;0.325672;0.044744;,
  -0.469560;0.297493;0.062058;,
  -0.504460;0.283222;0.056171;,
  -0.509426;0.320743;0.081314;,
  -0.475176;0.328184;0.081783;,
  -0.445832;0.372052;0.067766;,
  -0.444371;0.340832;0.080999;,
  -0.530264;0.444800;0.080773;,
  -0.513329;0.438266;0.082077;,
  -0.518459;0.389142;0.130783;,
  -0.530264;0.444800;0.080773;,
  -0.143541;0.381955;0.015949;,
  -0.238840;0.367492;0.034666;,
  -0.308768;0.360426;0.022067;,
  -0.367032;0.354891;0.032550;,
  -0.454630;0.355557;0.047799;,
  -0.454630;0.355557;0.047799;,
  -0.033394;0.320264;-0.004539;,
  0.067580;0.658467;0.018897;,
  0.083915;0.668700;0.028328;,
  0.072047;0.652018;0.010866;,
  0.093958;0.660654;0.011194;,
  0.101078;0.693553;0.020217;,
  0.118275;0.708723;0.012687;,
  0.033533;0.796230;-0.033633;,
  0.032964;0.793479;-0.013620;,
  0.011657;0.775923;-0.034124;,
  0.007056;0.745840;-0.001605;,
  0.007750;0.716781;0.004553;,
  0.003475;0.712270;-0.012597;,
  0.078360;0.696442;0.030865;,
  0.057527;0.677008;0.022305;,
  0.083716;0.735080;0.029349;,
  0.088946;0.682071;0.026144;,
  0.042430;0.770131;0.022145;,
  0.059381;0.737398;0.027232;,
  0.019040;0.758691;0.012038;,
  0.036080;0.724387;0.021736;,
  0.115759;0.757017;0.017156;,
  0.098048;0.743641;0.027432;,
  0.102636;0.798961;-0.027031;,
  0.129848;0.758306;-0.020996;,
  0.090357;0.796529;0.005082;,
  0.025128;0.689877;0.009418;,
  0.044119;0.703366;0.024738;,
  0.048395;0.662720;0.013144;,
  0.046454;0.634577;0.000611;,
  0.040591;0.626688;-0.018982;,
  0.061104;0.631537;-0.017355;,
  0.009738;0.766565;-0.007573;,
  0.034636;0.785507;0.007043;,
  0.071875;0.789175;0.019130;,
  0.059460;0.801626;0.003236;,
  0.068632;0.808922;-0.031208;,
  0.065446;0.807466;-0.014028;,
  0.130853;0.718285;-0.017603;,
  0.071875;0.789175;0.019130;,
  0.059460;0.801626;0.003236;,
  0.083760;0.731650;0.045482;,
  0.076303;0.699297;0.036736;,
  0.070576;0.746534;0.037853;,
  0.072304;0.726758;0.032478;,
  0.083760;0.731650;0.045482;,
  0.076303;0.699297;0.036736;,
  0.070576;0.746534;0.037853;,
  0.060568;0.712403;0.029921;,
  0.059381;0.737398;0.027232;,
  0.078360;0.696442;0.030865;,
  0.018189;0.710851;0.006715;,
  0.060568;0.712403;0.029921;,
  0.114244;0.637108;0.023417;,
  0.110047;0.667468;0.018349;,
  0.108930;0.627243;0.053981;,
  0.101078;0.693553;0.020217;,
  0.061643;0.601257;-0.008168;,
  0.074734;0.620942;-0.010839;,
  0.003042;0.435453;0.005250;,
  0.049015;0.297985;-0.000427;,
  0.020873;0.278596;-0.003374;,
  -0.001870;0.272952;-0.005357;,
  0.074171;0.642198;-0.014096;,
  -0.033394;0.320264;-0.004539;,
  0.068632;0.808922;-0.031208;,
  0.065446;0.807466;-0.014028;,
  0.031671;0.662777;-0.002549;,
  0.018855;0.681467;-0.012954;,
  0.021562;0.672280;-0.011736;,
  0.002956;0.763108;-0.033929;,
  -0.002734;0.738352;-0.032455;,
  0.015168;0.706567;-0.013072;,
  0.112694;0.423981;0.000782;,
  0.108930;0.627243;0.053981;,
  -0.527404;0.438197;0.116526;,
  0.033965;0.656577;-0.002412;,
  0.028750;0.651844;-0.010268;,
  0.030719;0.657504;-0.010726;,
  0.006896;0.673896;-0.026198;,
  0.018374;0.668746;-0.024640;,
  0.024987;0.659701;-0.011728;,
  0.027817;0.648460;-0.022037;,
  0.031282;0.656675;-0.022370;,
  -0.000800;0.707760;-0.029746;,
  0.005744;0.700081;-0.028467;,
  0.139234;0.572362;0.085374;,
  0.022543;0.657682;-0.023317;,
  0.108333;0.566673;0.071744;,
  0.093037;0.568791;0.077922;,
  0.067660;0.583367;0.079077;,
  0.098048;0.743641;0.027432;,
  -0.272888;0.420111;0.030337;,
  -0.290890;0.381522;0.064960;,
  -0.344296;0.397159;0.039248;,
  -0.364894;0.377915;0.063758;,
  -0.232379;0.435347;0.035805;,
  -0.235425;0.406428;0.065375;,
  -0.143375;0.422825;0.017189;,
  -0.142935;0.403727;0.065376;,
  -0.057075;0.413580;0.008494;,
  -0.047156;0.395503;0.058371;,
  -0.027698;0.393184;0.041179;,
  -0.445832;0.372052;0.067766;,
  -0.413637;0.382912;0.041832;,
  -0.426499;0.281722;0.027494;,
  -0.356640;0.284870;0.025027;,
  -0.352416;0.298226;-0.016896;,
  -0.282174;0.315924;-0.014840;,
  -0.294377;0.292912;0.023153;,
  -0.218707;0.339796;-0.006162;,
  -0.238282;0.295319;0.025109;,
  -0.151533;0.355921;-0.005720;,
  -0.143893;0.291214;0.014511;,
  -0.096058;0.312337;-0.006960;,
  -0.001282;0.268650;-0.006099;,
  0.108333;0.566673;0.071744;,
  0.070026;0.582534;-0.090374;,
  0.081439;0.600887;-0.083216;,
  0.068495;0.600114;-0.042190;,
  0.093533;0.622925;-0.040909;,
  0.052841;0.535396;-0.093261;,
  0.053723;0.570072;-0.091432;,
  0.025602;0.545806;-0.054955;,
  0.041788;0.575754;-0.045654;,
  0.156156;0.600162;-0.063602;,
  0.135148;0.630370;-0.046127;,
  0.148924;0.596594;-0.090798;,
  0.130753;0.610274;-0.078880;,
  0.072783;0.380943;-0.071589;,
  0.068009;0.369685;-0.078749;,
  0.084926;0.362912;-0.038409;,
  0.077253;0.345602;-0.038043;,
  0.034431;0.419379;-0.065720;,
  0.030506;0.391103;-0.080851;,
  0.008936;0.436116;-0.037947;,
  -0.003846;0.396934;-0.068545;,
  -0.022356;0.397856;-0.040559;,
  0.081583;0.359910;0.004236;,
  0.071095;0.340669;0.003456;,
  0.148097;0.505207;-0.065003;,
  0.130509;0.468638;-0.055720;,
  0.156101;0.505866;-0.008401;,
  0.138119;0.471309;-0.004150;,
  -0.029220;0.385677;-0.090077;,
  -0.015572;0.413815;-0.056060;,
  -0.108023;0.457976;-0.093601;,
  -0.088743;0.480017;-0.056211;,
  -0.191344;0.498717;-0.080085;,
  -0.183771;0.536213;-0.051434;,
  -0.101025;0.458511;-0.008211;,
  -0.016309;0.405239;-0.006057;,
  -0.143570;0.395801;-0.013579;,
  -0.051521;0.319597;-0.008409;,
  -0.189126;0.501557;-0.023435;,
  -0.191545;0.465423;-0.026464;,
  -0.143212;0.403599;-0.093145;,
  -0.054942;0.337548;-0.084780;,
  -0.191274;0.465503;-0.067255;,
  -0.389559;0.302269;-0.041310;,
  -0.416023;0.338875;-0.046224;,
  -0.381851;0.307536;-0.007725;,
  -0.408029;0.348471;-0.002992;,
  -0.232725;0.465547;-0.081563;,
  -0.244449;0.491380;-0.049779;,
  -0.295614;0.425793;-0.074740;,
  -0.306944;0.451831;-0.045172;,
  -0.362008;0.381821;-0.062702;,
  -0.374108;0.407738;-0.042749;,
  -0.294950;0.429234;-0.015947;,
  -0.246086;0.462157;-0.007973;,
  -0.266419;0.397334;-0.014373;,
  -0.206058;0.423488;-0.011013;,
  -0.363359;0.384988;-0.025294;,
  -0.337460;0.369290;-0.031801;,
  -0.271023;0.396152;-0.076286;,
  -0.203074;0.426018;-0.083220;,
  -0.336035;0.370588;-0.056324;,
  0.012071;0.369120;-0.089438;,
  -0.016309;0.405239;-0.006057;,
  0.053919;0.301875;-0.042068;,
  0.042846;0.324051;-0.091743;,
  -0.011285;0.293967;-0.042194;,
  -0.025192;0.318208;-0.086868;,
  0.111143;0.471378;-0.086334;,
  0.108839;0.423405;-0.046496;,
  0.084606;0.432590;-0.077471;,
  0.096068;0.481277;-0.097393;,
  0.040481;0.455092;-0.068156;,
  0.047371;0.503490;-0.088822;,
  0.013651;0.464077;-0.044013;,
  0.015419;0.516012;-0.052877;,
  0.125580;0.507560;-0.164040;,
  0.102290;0.548533;-0.145498;,
  0.089081;0.540111;-0.094018;,
  0.150422;0.465712;-0.169546;,
  0.138119;0.448667;-0.125775;,
  0.110467;0.484946;-0.110653;,
  0.110467;0.484946;-0.110653;,
  0.146393;0.545736;-0.074129;,
  0.169599;0.501954;-0.086576;,
  0.138119;0.448667;-0.125775;,
  0.186291;0.447682;-0.111068;,
  0.155016;0.551561;-0.078617;,
  0.184706;0.524895;-0.139954;,
  0.161413;0.564578;-0.121091;,
  0.198616;0.464505;-0.154748;,
  0.129859;0.559463;-0.141416;,
  0.105564;0.411333;-0.192643;,
  0.136361;0.460789;-0.179415;,
  0.094542;0.395694;-0.161316;,
  0.120638;0.439502;-0.128425;,
  0.083245;0.368111;-0.204175;,
  0.081313;0.356924;-0.179274;,
  0.094542;0.395694;-0.161316;,
  0.120638;0.439502;-0.128425;,
  0.146021;0.370941;-0.164650;,
  0.176104;0.409629;-0.123139;,
  0.081313;0.356924;-0.179274;,
  0.113424;0.343773;-0.192001;,
  0.154309;0.383343;-0.188558;,
  0.191772;0.430882;-0.173813;,
  0.114834;0.348817;-0.204058;,
  0.021479;0.311256;-0.277851;,
  -0.019193;0.322489;-0.255611;,
  0.032158;0.298895;-0.263558;,
  -0.008743;0.310093;-0.240745;,
  0.000467;0.340025;-0.202593;,
  0.003737;0.328972;-0.204392;,
  0.002282;0.339486;-0.217346;,
  0.001894;0.328654;-0.215452;,
  0.055948;0.330067;-0.185251;,
  0.088901;0.319308;-0.220894;,
  0.033393;0.340241;-0.209678;,
  0.063120;0.319315;-0.247935;,
  0.056353;0.334246;-0.259309;,
  0.088464;0.354662;-0.234358;,
  0.054644;0.367088;-0.196891;,
  0.028338;0.354856;-0.222222;,
  0.143847;0.599892;-0.105342;,
  0.118011;0.608756;-0.117471;,
  0.109180;0.613029;-0.081040;,
  0.130753;0.610274;-0.078880;,
  0.130038;0.511784;-0.101006;,
  0.107459;0.631186;-0.053500;,
  0.085386;0.568552;-0.115930;,
  0.092059;0.598191;-0.116416;,
  0.070026;0.582534;-0.090374;,
  0.081439;0.600887;-0.083216;,
  0.137129;0.561496;-0.108025;,
  0.139015;0.556407;-0.105646;,
  0.155110;0.543658;-0.070151;,
  0.161878;0.541993;-0.012447;,
  0.153658;0.601360;-0.016293;,
  0.148924;0.596594;-0.090798;,
  0.137129;0.561496;-0.108025;,
  0.089081;0.540111;-0.094018;,
  0.082591;0.554045;-0.092300;,
  0.127586;0.554402;-0.106147;,
  0.065517;0.527721;-0.092112;,
  0.098578;0.519090;-0.101133;,
  0.053723;0.570072;-0.091432;,
  0.114054;0.516227;-0.107557;,
  0.055948;0.330067;-0.185251;,
  0.109761;0.661921;-0.051535;,
  0.129733;0.668085;-0.043107;,
  0.137480;0.673592;-0.017652;,
  0.142564;0.633256;-0.017733;,
  0.028338;0.354856;-0.222222;,
  -0.019193;0.322489;-0.255611;,
  0.021479;0.311256;-0.277851;,
  0.016363;0.350686;-0.197093;,
  0.020413;0.325281;-0.194072;,
  0.020259;0.328250;-0.211622;,
  0.020413;0.325281;-0.194072;,
  0.026367;0.351484;-0.216974;,
  0.026367;0.351484;-0.216974;,
  0.000467;0.340025;-0.202593;,
  0.003737;0.328972;-0.204392;,
  0.002282;0.339486;-0.217346;,
  -0.466039;0.406410;-0.058254;,
  -0.443529;0.413050;-0.058618;,
  -0.479475;0.442992;-0.024035;,
  -0.460306;0.447311;-0.027671;,
  -0.389290;0.364321;-0.008358;,
  -0.360443;0.335028;-0.013124;,
  -0.408029;0.348471;-0.002992;,
  -0.381851;0.307536;-0.007725;,
  -0.337460;0.369290;-0.031801;,
  -0.367320;0.330582;-0.053964;,
  -0.336035;0.370588;-0.056324;,
  -0.389842;0.359701;-0.056688;,
  -0.416023;0.338875;-0.046224;,
  -0.389559;0.302269;-0.041310;,
  -0.362008;0.381821;-0.062702;,
  -0.374108;0.407738;-0.042749;,
  -0.450870;0.441359;-0.000287;,
  -0.466004;0.439860;0.009711;,
  -0.466004;0.439860;0.009711;,
  -0.466039;0.406410;-0.058254;,
  -0.101025;0.458511;-0.008211;,
  -0.189126;0.501557;-0.023435;,
  -0.246086;0.462157;-0.007973;,
  -0.294950;0.429234;-0.015947;,
  -0.363359;0.384988;-0.025294;,
  -0.363359;0.384988;-0.025294;,
  0.093737;0.656357;-0.042940;,
  0.092956;0.661173;-0.063135;,
  0.077653;0.647351;-0.045845;,
  0.074937;0.652342;-0.055527;,
  0.124255;0.703745;-0.047801;,
  0.108610;0.687283;-0.055974;,
  0.036823;0.790267;-0.052660;,
  0.033533;0.796230;-0.033633;,
  0.006800;0.709502;-0.046236;,
  0.014401;0.711245;-0.062726;,
  0.012988;0.740902;-0.061609;,
  0.066036;0.669923;-0.063782;,
  0.088446;0.688046;-0.071162;,
  0.097680;0.674800;-0.062208;,
  0.094023;0.726499;-0.074909;,
  0.045650;0.716421;-0.075072;,
  0.069781;0.728740;-0.077969;,
  0.027600;0.751565;-0.074557;,
  0.052689;0.761590;-0.081639;,
  0.107843;0.735487;-0.071653;,
  0.123429;0.750632;-0.060433;,
  0.129848;0.758306;-0.020996;,
  0.096799;0.791166;-0.060089;,
  0.102636;0.798961;-0.027031;,
  0.055070;0.657163;-0.054381;,
  0.053781;0.695322;-0.073010;,
  0.031960;0.684189;-0.059697;,
  0.050278;0.631393;-0.038075;,
  0.014789;0.762360;-0.058668;,
  0.066219;0.795999;-0.065134;,
  0.042355;0.779081;-0.071035;,
  0.081287;0.781339;-0.076084;,
  0.068825;0.804653;-0.048214;,
  0.068632;0.808922;-0.031208;,
  0.130853;0.718285;-0.017603;,
  0.081287;0.781339;-0.076084;,
  0.066219;0.795999;-0.065134;,
  0.083305;0.717600;-0.078809;,
  0.087616;0.689879;-0.077703;,
  0.082973;0.736214;-0.087546;,
  0.097149;0.720504;-0.089953;,
  0.087616;0.689879;-0.077703;,
  0.097149;0.720504;-0.089953;,
  0.082973;0.736214;-0.087546;,
  0.069781;0.728740;-0.077969;,
  0.071067;0.703662;-0.076288;,
  0.088446;0.688046;-0.071162;,
  0.024964;0.705210;-0.061828;,
  0.071067;0.703662;-0.076288;,
  0.109761;0.661921;-0.051535;,
  0.107459;0.631186;-0.053500;,
  0.109180;0.613029;-0.081040;,
  0.108610;0.687283;-0.055974;,
  0.049015;0.297985;-0.000427;,
  0.020873;0.278596;-0.003374;,
  -0.001870;0.272952;-0.005357;,
  -0.033394;0.320264;-0.004539;,
  0.068825;0.804653;-0.048214;,
  0.068632;0.808922;-0.031208;,
  0.024067;0.670195;-0.037075;,
  0.035616;0.659493;-0.042459;,
  0.021322;0.679413;-0.037912;,
  0.018085;0.704139;-0.042579;,
  0.112694;0.423981;0.000782;,
  0.109180;0.613029;-0.081040;,
  -0.479475;0.442992;-0.024035;,
  0.031075;0.649908;-0.033789;,
  0.037793;0.653390;-0.041141;,
  0.033007;0.655598;-0.033879;,
  0.027227;0.657837;-0.034381;,
  0.127586;0.554402;-0.106147;,
  0.098354;0.552343;-0.087846;,
  0.082591;0.554045;-0.092300;,
  0.053723;0.570072;-0.091432;,
  0.107843;0.735487;-0.071653;,
  -0.334752;0.462484;-0.004692;,
  -0.265417;0.495595;-0.000520;,
  -0.340855;0.431943;0.018945;,
  -0.268465;0.456486;0.015905;,
  -0.191647;0.521522;-0.007071;,
  -0.211829;0.480432;0.019859;,
  -0.108386;0.469817;-0.005711;,
  -0.134319;0.447755;0.009200;,
  -0.029745;0.428069;-0.009391;,
  -0.054873;0.420331;-0.000510;,
  -0.022356;0.397856;-0.040559;,
  -0.038510;0.399780;-0.000327;,
  -0.400788;0.433074;-0.001910;,
  -0.403448;0.414093;0.023279;,
  -0.336032;0.370587;-0.056310;,
  -0.328440;0.335843;-0.009797;,
  -0.271023;0.396152;-0.076286;,
  -0.263318;0.372219;-0.014993;,
  -0.203074;0.426018;-0.083220;,
  -0.202707;0.408495;-0.019053;,
  -0.192855;0.436352;-0.019229;,
  -0.191274;0.465503;-0.067255;,
  -0.143212;0.403599;-0.093145;,
  -0.153396;0.381403;-0.011997;,
  0.020873;0.278596;-0.003374;,
  -0.011285;0.293967;-0.042194;,
  0.098354;0.552343;-0.087846;,
  -0.015572;0.413815;-0.056060;,
  -0.088743;0.480017;-0.056211;,
  -0.183771;0.536213;-0.051434;,
  -0.244449;0.491380;-0.049779;,
  -0.306944;0.451831;-0.045172;,
  -0.374108;0.407738;-0.042749;,
  -0.144751;0.307882;0.096698;,
  -0.049894;0.298526;0.081782;,
  -0.006784;0.276888;0.036274;,
  -0.234445;0.322406;0.075233;,
  -0.285341;0.301737;0.091528;,
  -0.359447;0.309400;0.088948;,
  -0.428347;0.321501;0.067879;,
  -0.054942;0.337548;-0.084780;;
  916;
  3;0,2,1;,
  3;3,1,2;,
  3;4,6,5;,
  3;7,5,6;,
  3;8,10,9;,
  3;11,9,10;,
  3;12,14,13;,
  3;15,13,14;,
  3;16,13,17;,
  3;15,17,13;,
  3;18,20,19;,
  3;17,19,20;,
  3;21,22,4;,
  3;6,4,22;,
  3;23,24,12;,
  3;14,12,24;,
  3;25,27,26;,
  3;28,26,27;,
  3;29,31,30;,
  3;32,30,31;,
  3;29,33,31;,
  3;34,31,33;,
  3;35,37,36;,
  3;38,36,37;,
  3;37,39,38;,
  3;40,38,39;,
  3;41,42,35;,
  3;37,35,42;,
  3;42,43,37;,
  3;39,37,43;,
  3;32,31,41;,
  3;42,41,31;,
  3;31,34,42;,
  3;43,42,34;,
  3;44,46,45;,
  3;47,45,46;,
  3;48,50,49;,
  3;51,49,50;,
  3;52,53,48;,
  3;50,48,53;,
  3;54,56,55;,
  3;57,55,56;,
  3;56,58,57;,
  3;59,57,58;,
  3;60,61,54;,
  3;56,54,61;,
  3;61,62,56;,
  3;58,56,62;,
  3;51,50,60;,
  3;61,60,50;,
  3;50,53,61;,
  3;62,61,53;,
  3;63,20,32;,
  3;30,32,20;,
  3;64,66,65;,
  3;18,65,66;,
  3;13,67,12;,
  3;68,12,67;,
  3;67,69,68;,
  3;70,68,69;,
  3;69,41,70;,
  3;35,70,41;,
  3;51,34,49;,
  3;33,49,34;,
  3;60,43,51;,
  3;34,51,43;,
  3;60,54,43;,
  3;39,43,54;,
  3;54,55,39;,
  3;40,39,55;,
  3;16,63,13;,
  3;67,13,63;,
  3;63,32,67;,
  3;69,67,32;,
  3;32,41,69;,
  3;26,72,71;,
  3;73,75,74;,
  3;76,74,75;,
  3;73,77,75;,
  3;78,75,77;,
  3;79,78,80;,
  3;77,80,78;,
  3;81,83,82;,
  3;84,85,83;,
  3;86,83,85;,
  3;87,89,88;,
  3;87,90,89;,
  3;91,89,90;,
  3;92,94,93;,
  3;94,87,93;,
  3;87,88,93;,
  3;94,95,87;,
  3;90,87,95;,
  3;83,94,96;,
  3;83,86,94;,
  3;95,94,86;,
  3;97,99,98;,
  3;100,98,99;,
  3;99,101,100;,
  3;102,100,101;,
  3;103,105,104;,
  3;106,104,105;,
  3;105,107,106;,
  3;108,106,107;,
  3;109,110,103;,
  3;105,103,110;,
  3;110,111,105;,
  3;107,105,111;,
  3;98,100,109;,
  3;110,109,100;,
  3;100,102,110;,
  3;111,110,102;,
  3;112,114,113;,
  3;115,113,114;,
  3;116,118,117;,
  3;119,117,118;,
  3;120,122,121;,
  3;123,121,122;,
  3;124,125,121;,
  3;120,121,125;,
  3;126,125,127;,
  3;124,127,125;,
  3;86,98,95;,
  3;109,95,98;,
  3;85,97,86;,
  3;98,86,97;,
  3;103,104,90;,
  3;91,90,104;,
  3;90,95,103;,
  3;109,103,95;,
  3;128,96,129;,
  3;92,129,96;,
  3;129,130,128;,
  3;131,128,130;,
  3;26,28,72;,
  3;132,72,28;,
  3;9,133,8;,
  3;134,136,135;,
  3;137,135,136;,
  3;135,137,82;,
  3;138,11,139;,
  3;11,10,139;,
  3;10,140,139;,
  3;141,11,142;,
  3;138,142,11;,
  3;143,130,129;,
  3;93,144,92;,
  3;144,143,92;,
  3;143,129,92;,
  3;145,88,146;,
  3;147,146,88;,
  3;74,148,73;,
  3;149,73,148;,
  3;146,147,150;,
  3;73,149,7;,
  3;74,151,148;,
  3;101,152,102;,
  3;127,102,152;,
  3;127,124,102;,
  3;111,102,124;,
  3;124,121,111;,
  3;107,111,121;,
  3;123,108,121;,
  3;107,121,108;,
  3;153,154,9;,
  3;133,9,154;,
  3;9,155,153;,
  3;156,153,155;,
  3;114,112,120;,
  3;122,120,112;,
  3;112,113,122;,
  3;157,122,113;,
  3;158,125,159;,
  3;126,159,125;,
  3;114,120,158;,
  3;125,158,120;,
  3;152,160,127;,
  3;161,127,160;,
  3;123,122,162;,
  3;163,162,122;,
  3;157,164,122;,
  3;163,122,164;,
  3;126,127,165;,
  3;161,165,127;,
  3;160,166,161;,
  3;167,161,166;,
  3;163,116,162;,
  3;117,162,116;,
  3;164,118,163;,
  3;116,163,118;,
  3;161,167,165;,
  3;168,165,167;,
  3;169,171,170;,
  3;172,170,171;,
  3;173,175,174;,
  3;176,174,175;,
  3;177,179,178;,
  3;174,178,179;,
  3;180,179,181;,
  3;182,181,179;,
  3;169,170,183;,
  3;184,183,170;,
  3;185,186,175;,
  3;176,175,186;,
  3;45,187,44;,
  3;188,44,187;,
  3;182,170,181;,
  3;172,181,170;,
  3;66,30,18;,
  3;18,30,20;,
  3;189,29,30;,
  3;189,190,29;,
  3;33,29,190;,
  3;190,191,33;,
  3;49,33,191;,
  3;192,48,191;,
  3;49,191,48;,
  3;193,52,192;,
  3;48,192,52;,
  3;186,169,194;,
  3;183,194,169;,
  3;186,185,169;,
  3;171,169,185;,
  3;194,176,186;,
  3;178,174,194;,
  3;176,194,174;,
  3;180,173,179;,
  3;174,179,173;,
  3;184,182,177;,
  3;179,177,182;,
  3;184,170,182;,
  3;20,16,17;,
  3;20,63,16;,
  3;64,195,66;,
  3;196,198,197;,
  3;199,197,198;,
  3;154,153,200;,
  3;201,200,153;,
  3;202,204,203;,
  3;205,207,206;,
  3;208,209,197;,
  3;196,197,209;,
  3;210,208,211;,
  3;197,211,208;,
  3;212,214,213;,
  3;215,213,214;,
  3;210,212,213;,
  3;216,217,201;,
  3;200,201,217;,
  3;218,220,219;,
  3;216,219,220;,
  3;197,199,211;,
  3;205,206,214;,
  3;221,223,222;,
  3;224,198,196;,
  3;225,226,224;,
  3;198,224,226;,
  3;205,214,227;,
  3;212,229,228;,
  3;230,228,229;,
  3;231,232,218;,
  3;212,228,214;,
  3;233,201,156;,
  3;153,156,201;,
  3;219,216,233;,
  3;201,233,216;,
  3;234,216,220;,
  3;234,220,235;,
  3;236,238,237;,
  3;239,237,238;,
  3;210,240,208;,
  3;241,208,240;,
  3;213,242,210;,
  3;240,210,242;,
  3;243,239,244;,
  3;238,244,239;,
  3;245,237,243;,
  3;239,243,237;,
  3;221,222,246;,
  3;215,246,222;,
  3;247,213,222;,
  3;215,222,213;,
  3;0,248,199;,
  3;249,199,248;,
  3;250,8,133;,
  3;251,211,249;,
  3;199,249,211;,
  3;251,210,211;,
  3;252,2,253;,
  3;0,253,2;,
  3;19,254,18;,
  3;65,18,254;,
  3;12,68,23;,
  3;255,23,68;,
  3;70,256,68;,
  3;255,68,256;,
  3;70,35,256;,
  3;257,256,35;,
  3;253,0,258;,
  3;199,258,0;,
  3;35,259,257;,
  3;36,259,35;,
  3;260,202,261;,
  3;203,261,202;,
  3;221,263,262;,
  3;264,262,263;,
  3;226,258,198;,
  3;199,198,258;,
  3;227,204,265;,
  3;266,205,265;,
  3;227,265,205;,
  3;246,267,221;,
  3;263,221,267;,
  3;147,88,89;,
  3;84,83,81;,
  3;19,17,78;,
  3;75,78,17;,
  3;17,15,75;,
  3;76,75,15;,
  3;14,71,15;,
  3;76,15,71;,
  3;24,268,14;,
  3;71,14,268;,
  3;0,269,248;,
  3;1,269,0;,
  3;135,128,134;,
  3;131,134,128;,
  3;82,96,135;,
  3;128,135,96;,
  3;82,83,96;,
  3;92,96,94;,
  3;66,189,30;,
  3;246,215,206;,
  3;246,206,267;,
  3;207,267,206;,
  3;215,214,206;,
  3;270,188,187;,
  3;271,272,224;,
  3;209,222,223;,
  3;196,223,224;,
  3;262,273,271;,
  3;272,271,273;,
  3;274,275,263;,
  3;262,276,273;,
  3;277,272,278;,
  3;273,278,272;,
  3;262,271,223;,
  3;224,223,271;,
  3;196,209,223;,
  3;247,222,208;,
  3;209,208,222;,
  3;262,223,221;,
  3;279,207,266;,
  3;205,266,207;,
  3;279,280,207;,
  3;267,207,280;,
  3;274,263,280;,
  3;267,280,263;,
  3;276,262,264;,
  3;72,74,76;,
  3;140,281,139;,
  3;72,132,74;,
  3;151,74,132;,
  3;76,71,72;,
  3;277,225,272;,
  3;9,11,155;,
  3;282,278,276;,
  3;273,276,278;,
  3;282,276,275;,
  3;264,275,276;,
  3;27,142,28;,
  3;138,28,142;,
  3;139,132,138;,
  3;28,138,132;,
  3;139,281,132;,
  3;151,132,281;,
  3;283,148,281;,
  3;151,281,148;,
  3;284,149,283;,
  3;148,283,149;,
  3;149,284,7;,
  3;5,7,284;,
  3;22,80,6;,
  3;77,6,80;,
  3;73,7,77;,
  3;6,77,7;,
  3;5,3,4;,
  3;2,4,3;,
  3;81,137,285;,
  3;136,285,137;,
  3;81,82,137;,
  3;88,145,93;,
  3;144,93,145;,
  3;252,21,2;,
  3;4,2,21;,
  3;229,212,286;,
  3;286,210,251;,
  3;210,286,212;,
  3;217,216,234;,
  3;228,203,227;,
  3;228,230,203;,
  3;261,203,230;,
  3;235,220,232;,
  3;227,214,228;,
  3;26,71,25;,
  3;268,25,71;,
  3;11,141,155;,
  3;78,79,19;,
  3;254,19,79;,
  3;225,224,272;,
  3;264,263,275;,
  3;204,227,203;,
  3;220,218,232;,
  3;287,289,288;,
  3;290,288,289;,
  3;291,287,292;,
  3;288,292,287;,
  3;293,291,294;,
  3;292,294,291;,
  3;295,293,296;,
  3;294,296,293;,
  3;296,297,295;,
  3;298,290,299;,
  3;289,299,290;,
  3;300,302,301;,
  3;303,301,302;,
  3;304,301,305;,
  3;303,305,301;,
  3;306,304,307;,
  3;305,307,304;,
  3;306,307,308;,
  3;309,308,307;,
  3;309,310,308;,
  3;311,145,146;,
  3;312,314,313;,
  3;315,313,314;,
  3;316,318,317;,
  3;319,317,318;,
  3;320,322,321;,
  3;323,321,322;,
  3;324,326,325;,
  3;327,325,326;,
  3;324,325,328;,
  3;329,328,325;,
  3;328,331,330;,
  3;332,330,331;,
  3;318,22,319;,
  3;21,319,22;,
  3;326,333,327;,
  3;334,327,333;,
  3;335,337,336;,
  3;338,336,337;,
  3;339,341,340;,
  3;342,340,341;,
  3;343,344,341;,
  3;342,341,344;,
  3;345,347,346;,
  3;348,346,347;,
  3;349,350,345;,
  3;347,345,350;,
  3;347,351,348;,
  3;352,348,351;,
  3;350,353,347;,
  3;351,347,353;,
  3;351,341,352;,
  3;339,352,341;,
  3;353,343,351;,
  3;341,351,343;,
  3;354,356,355;,
  3;357,355,356;,
  3;358,360,359;,
  3;361,359,360;,
  3;360,362,361;,
  3;363,361,362;,
  3;364,366,365;,
  3;367,365,366;,
  3;368,369,364;,
  3;366,364,369;,
  3;366,370,367;,
  3;371,367,370;,
  3;369,372,366;,
  3;370,366,372;,
  3;370,360,371;,
  3;358,371,360;,
  3;372,362,370;,
  3;360,370,362;,
  3;340,331,339;,
  3;373,339,331;,
  3;332,374,65;,
  3;64,65,374;,
  3;375,376,327;,
  3;325,327,376;,
  3;377,378,375;,
  3;376,375,378;,
  3;348,352,377;,
  3;378,377,352;,
  3;344,343,359;,
  3;358,359,343;,
  3;343,353,358;,
  3;371,358,353;,
  3;350,367,353;,
  3;371,353,367;,
  3;349,365,350;,
  3;367,350,365;,
  3;376,373,325;,
