xof 0303txt 0032
template XSkinMeshHeader {
 <3cf169ce-ff7c-44ab-93c0-f78f62d172e2>
 WORD nMaxSkinWeightsPerVertex;
 WORD nMaxSkinWeightsPerFace;
 WORD nBones;
}

template VertexDuplicationIndices {
 <b8d65549-d7c9-4995-89cf-53a9a8b031e3>
 DWORD nIndices;
 DWORD nOriginalVertices;
 array DWORD indices[nIndices];
}

template SkinWeights {
 <6f0d123b-bad2-4167-a0d0-80224f25fabb>
 STRING transformNodeName;
 DWORD nWeights;
 array DWORD vertexIndices[nWeights];
 array FLOAT weights[nWeights];
 Matrix4x4 matrixOffset;
}

template AnimTicksPerSecond {
 <9e415a43-7ba6-4a73-8743-b73d47e88476>
 DWORD AnimTicksPerSecond;
}

template VertexElement {
 <f752461c-1e23-48f6-b9f8-8350850f336f>
 DWORD Type;
 DWORD Method;
 DWORD Usage;
 DWORD UsageIndex;
}

template DeclData {
 <bf22e553-292c-4781-9fea-62bd554bdd93>
 DWORD nElements;
 array VertexElement Elements[nElements];
 DWORD nDWords;
 array DWORD data[nDWords];
}


AnimTicksPerSecond {
 4800;
}

Frame Dummy01 {
 

 FrameTransformMatrix {
  1.000000,0.000000,0.000000,0.000000,0.000000,-0.000000,-1.000000,0.000000,0.000000,1.000000,-0.000000,0.000000,0.000000,0.000000,0.000000,1.000000;;
 }

 Frame Bip01 {
  

  FrameTransformMatrix {
   0.641733,-0.089090,0.761736,0.000000,-0.766873,-0.086469,0.635947,0.000000,0.009210,-0.992263,-0.123811,0.000000,0.000000,-0.000107,0.363346,1.000000;;
  }

  Frame Bip01_Pelvis {
   

   FrameTransformMatrix {
    -0.000000,1.000000,-0.000001,0.000000,0.087154,0.000001,0.996195,0.000000,0.996195,-0.000000,-0.087154,0.000000,0.000000,0.000000,0.000000,1.000000;;
   }

   Frame Bip01_Spine {
    

    FrameTransformMatrix {
     0.839199,-0.128071,0.528530,0.000000,0.148044,0.988970,0.004578,0.000000,-0.523286,0.074403,0.848903,0.000000,0.051678,-0.000006,-0.000072,1.000000;;
    }

    Frame Bip01_Spine1 {
     

     FrameTransformMatrix {
      0.998082,-0.045354,0.042131,0.000000,0.046567,0.998515,-0.028282,0.000000,-0.040786,0.030190,0.998712,0.000000,0.106483,-0.000003,-0.000085,1.000000;;
     }

     Frame Bip01_Neck {
      

      FrameTransformMatrix {
       0.903366,0.000001,0.428870,0.000000,-0.000001,1.000000,-0.000000,0.000000,-0.428870,-0.000000,0.903366,0.000000,0.130516,0.000000,0.004628,1.000000;;
      }

      Frame Bip01_Head {
       

       FrameTransformMatrix {
        0.970437,-0.077613,0.228534,0.000000,0.035875,0.982751,0.181419,0.000000,-0.238673,-0.167857,0.956483,0.000000,0.033674,0.000000,0.000000,1.000000;;
       }

       Frame Bip01_HeadNub {
        

        FrameTransformMatrix {
         1.000000,-0.000000,0.000000,0.000000,0.000000,1.000000,0.000000,0.000000,-0.000000,0.000000,1.000000,0.000000,0.169824,0.000000,0.000000,1.000000;;
        }
       }
      }

      Frame Bip01_L_Clavicle {
       

       FrameTransformMatrix {
        -0.096798,0.994238,0.046046,0.000000,0.897821,0.107192,-0.427115,0.000000,-0.429590,-0.000003,-0.903024,0.000000,-0.023698,0.015715,0.006128,1.000000;;
       }

       Frame Bip01_L_UpperArm {
        

        FrameTransformMatrix {
         0.149531,-0.637054,0.756176,0.000000,0.931285,0.347681,0.108751,0.000000,-0.332188,0.687954,0.645268,0.000000,0.087086,0.000000,-0.000000,1.000000;;
        }

        Frame Bip01_L_Forearm {
         

         FrameTransformMatrix {
          0.589463,-0.000000,-0.807795,0.000000,0.000000,1.000000,-0.000000,0.000000,0.807795,-0.000000,0.589463,0.000000,0.137062,-0.000000,0.000000,1.000000;;
         }

         Frame Bip01_L_Hand {
          

          FrameTransformMatrix {
           0.838011,0.441692,-0.320384,0.000000,0.214074,0.273950,0.937616,0.000000,0.501906,-0.854318,0.135018,0.000000,0.137062,-0.000000,-0.000000,1.000000;;
          }

          Frame Bip01_L_Finger0 {
           

           FrameTransformMatrix {
            0.829256,-0.514255,0.218807,0.000000,0.558537,0.749101,-0.356210,0.000000,0.019274,0.417601,0.908427,0.000000,0.057681,-0.023605,-0.000272,1.000000;;
           }

           Frame Bip01_L_Finger0Nub {
            

            FrameTransformMatrix {
             1.000000,0.000000,-0.000000,0.000000,0.000000,1.000000,0.000000,0.000000,0.000000,0.000000,1.000000,0.000000,0.029435,-0.000000,0.000000,1.000000;;
            }
           }
          }

          Frame Bip01_L_Finger1 {
           

           FrameTransformMatrix {
            0.449718,-0.000711,0.893170,0.000000,0.000000,1.000000,0.000796,0.000000,-0.893171,-0.000358,0.449718,0.000000,0.084102,0.000000,0.000000,1.000000;;
           }

           Frame Bip01_L_Finger1Nub {
            

            FrameTransformMatrix {
             1.000000,0.000000,0.000000,0.000000,0.000000,1.000000,-0.000000,0.000000,0.000000,0.000000,1.000000,0.000000,0.047988,0.000000,-0.000000,1.000000;;
            }
           }
          }
         }
        }
       }
      }

      Frame Bip01_R_Clavicle {
       

       FrameTransformMatrix {
        -0.236229,-0.944736,-0.227311,0.000000,-0.881617,0.110016,0.458963,0.000000,-0.408591,0.308822,-0.858884,0.000000,-0.023698,-0.015714,0.006128,1.000000;;
       }

       Frame Bip01_R_UpperArm {
        

        FrameTransformMatrix {
         0.553181,0.653053,0.517217,0.000000,-0.810814,0.564594,0.154320,0.000000,-0.191238,-0.504734,0.841827,0.000000,0.087086,-0.000000,0.000000,1.000000;;
        }

        Frame Bip01_R_Forearm {
         

         FrameTransformMatrix {
          0.514987,0.000000,-0.857198,0.000000,0.000000,1.000000,-0.000000,0.000000,0.857198,-0.000000,0.514987,0.000000,0.137062,0.000000,-0.000000,1.000000;;
         }

         Frame Bip01_R_Hand {
          

          FrameTransformMatrix {
           0.848001,-0.320353,-0.422219,0.000000,-0.037878,0.757977,-0.651181,0.000000,0.528640,0.568195,0.630630,0.000000,0.137062,0.000000,0.000000,1.000000;;
          }

          Frame Bip01_R_Finger0 {
           

           FrameTransformMatrix {
            0.829256,0.514255,0.218807,0.000000,-0.558537,0.749101,0.356210,0.000000,0.019274,-0.417601,0.908427,0.000000,0.057681,0.023605,-0.000272,1.000000;;
           }

           Frame Bip01_R_Finger0Nub {
            

            FrameTransformMatrix {
             -1.000000,-0.000000,0.000000,0.000000,-0.000000,1.000000,-0.000000,0.000000,0.000000,-0.000000,-1.000000,0.000000,0.029435,0.000000,0.000000,1.000000;;
            }
           }
          }

          Frame Bip01_R_Finger1 {
           

           FrameTransformMatrix {
            0.989590,0.000115,0.143914,0.000000,0.000000,1.000000,-0.000796,0.000000,-0.143914,0.000788,0.989590,0.000000,0.084102,-0.000000,0.000000,1.000000;;
           }

           Frame Bip01_R_Finger1Nub {
            

            FrameTransformMatrix {
             -1.000000,0.000000,0.000000,0.000000,0.000000,1.000000,0.000000,0.000000,0.000000,0.000000,-1.000000,0.000000,0.047988,0.000000,0.000000,1.000000;;
            }
           }
          }
         }
        }
       }
      }
     }

     Frame Bip01_BackPack {
      

      FrameTransformMatrix {
       0.199038,-0.182273,-0.962892,0.000000,0.080866,0.982255,-0.169222,0.000000,0.976650,-0.044184,0.210246,0.000000,0.055206,0.003391,-0.069352,1.000000;;
      }

      Frame Bip01_BackPackNub {
       

       FrameTransformMatrix {
        0.000796,0.000003,1.000000,0.000000,0.000000,-1.000000,0.000003,0.000000,1.000000,0.000000,-0.000796,0.000000,0.053240,0.000000,0.000000,1.000000;;
       }
      }
     }
    }

    Frame Bip01_L_Thigh {
     

     FrameTransformMatrix {
      -0.300090,-0.016169,0.953774,0.000000,0.117389,-0.992883,0.020103,0.000000,0.946660,0.117996,0.299853,0.000000,-0.050403,0.046972,0.031213,1.000000;;
     }

     Frame Bip01_L_Calf {
      

      FrameTransformMatrix {
       0.996113,-0.000000,-0.088088,0.000000,-0.000000,1.000000,0.000000,0.000000,0.088088,-0.000000,0.996113,0.000000,0.237500,-0.000000,0.000000,1.000000;;
      }

      Frame Bip01_L_Foot {
       

       FrameTransformMatrix {
        0.995125,-0.033427,-0.092788,0.000000,0.067040,0.919300,0.387806,0.000000,0.072337,-0.392136,0.917059,0.000000,0.206841,0.000000,-0.000000,1.000000;;
       }

       Frame Bip01_L_Toe0 {
        

        FrameTransformMatrix {
         -0.000001,0.000000,1.000000,0.000000,-0.000000,1.000000,-0.000000,0.000000,-1.000000,-0.000000,-0.000001,0.000000,0.065373,0.000000,0.066450,1.000000;;
        }

        Frame Bip01_L_Toe0Nub {
         

         FrameTransformMatrix {
          -1.000000,-0.000000,0.000000,0.000000,-0.000000,1.000000,-0.000000,0.000000,-0.000000,0.000000,-1.000000,0.000000,0.006735,0.000000,-0.000000,1.000000;;
         }
        }
       }
      }
     }
    }

    Frame Bip01_R_Thigh {
     

     FrameTransformMatrix {
      0.275085,0.002040,0.961418,0.000000,0.042679,-0.999038,-0.010092,0.000000,0.960472,0.043808,-0.274908,0.000000,-0.036258,-0.062260,0.022995,1.000000;;
     }

     Frame Bip01_R_Calf {
      

      FrameTransformMatrix {
       0.377607,-0.000000,-0.925966,0.000000,0.000000,1.000000,0.000000,0.000000,0.925966,0.000000,0.377607,0.000000,0.237500,0.000000,0.000000,1.000000;;
      }

      Frame Bip01_R_Foot {
       

       FrameTransformMatrix {
        0.969083,-0.246444,-0.011997,0.000000,0.246162,0.969000,-0.021059,0.000000,0.016815,0.017455,0.999706,0.000000,0.206841,-0.000000,0.000000,1.000000;;
       }

       Frame Bip01_R_Toe0 {
        

        FrameTransformMatrix {
         -0.000000,-0.000000,1.000000,0.000000,0.000000,1.000000,0.000000,0.000000,-1.000000,0.000000,-0.000000,0.000000,0.065373,0.000000,0.066450,1.000000;;
        }

        Frame Bip01_R_Toe0Nub {
         

         FrameTransformMatrix {
          1.000000,0.000000,0.000000,0.000000,-0.000000,1.000000,0.000000,0.000000,0.000000,0.000000,1.000000,0.000000,0.006735,0.000000,0.000000,1.000000;;
         }
        }
       }
      }
     }
    }
   }

   Frame Bip01_DressFront {
    

    FrameTransformMatrix {
     -0.440029,0.213192,0.872309,0.000000,-0.289780,0.885727,-0.362649,0.000000,-0.849942,-0.412354,-0.327967,0.000000,-0.012271,0.001460,0.079667,1.000000;;
    }

    Frame Bip01_DressFront02 {
     

     FrameTransformMatrix {
      0.703843,0.285854,0.650302,0.000000,-0.366935,0.930173,-0.011731,0.000000,-0.608246,-0.230361,0.759586,0.000000,0.183404,0.000030,-0.000100,1.000000;;
     }

     Frame Bip01_DressFrontNub {
      

      FrameTransformMatrix {
       0.000796,0.000003,1.000000,0.000000,0.000000,-1.000000,0.000003,0.000000,1.000000,-0.000000,-0.000796,0.000000,0.165302,0.000000,0.000000,1.000000;;
      }
     }
    }
   }

   Frame Bip01_DressBack {
    

    FrameTransformMatrix {
     -0.476564,0.006691,0.879114,0.000000,-0.638456,0.684799,-0.351317,0.000000,-0.604368,-0.728701,-0.322079,0.000000,-0.047648,0.000102,-0.078374,1.000000;;
    }

    Frame Bip01_DressBack02 {
     

     FrameTransformMatrix {
      0.845555,0.418654,0.331308,0.000000,-0.470429,0.877676,0.091549,0.000000,-0.252454,-0.233267,0.939071,0.000000,0.176186,0.000025,-0.000102,1.000000;;
     }

     Frame Bip01_DressBackNub {
      

      FrameTransformMatrix {
       0.000796,0.000003,1.000000,0.000000,0.000000,-1.000000,0.000003,0.000000,1.000000,0.000000,-0.000796,0.000000,0.136508,0.000000,0.000000,1.000000;;
      }
     }
    }
   }
  }

  Frame Bip01_Prop1 {
   

   FrameTransformMatrix {
    -0.767302,-0.362337,0.529111,0.000000,0.628016,-0.591543,0.505641,0.000000,0.129779,0.720270,0.681446,0.000000,-0.086746,-0.021321,-0.240072,1.000000;;
   }
  }

  Frame Bip01_Prop2 {
   

   FrameTransformMatrix {
    -0.349777,-0.284187,0.892689,0.000000,0.658957,-0.751945,0.018814,0.000000,0.665906,0.594825,0.450281,0.000000,-0.092180,0.074425,0.182112,1.000000;;
   }
  }
 }
}

Frame Translation_Data {
 

 FrameTransformMatrix {
  1.000000,0.000000,0.000000,0.000000,0.000000,-0.000000,-1.000000,0.000000,0.000000,1.000000,-0.000000,0.000000,0.000000,-0.000000,0.000000,1.000000;;
 }
}

Frame Body {
 

 FrameTransformMatrix {
  1.000000,0.000000,0.000000,0.000000,0.000000,1.000000,0.000000,0.000000,0.000000,0.000000,1.000000,0.000000,0.000000,0.000000,0.000000,1.000000;;
 }

 Mesh Body {
  617;
  -0.082613;0.615312;0.058258;,
  -0.098451;0.627217;0.014846;,
  -0.074326;0.605203;0.023915;,
  -0.073751;0.598177;0.070339;,
  -0.067660;0.583367;0.079077;,
  -0.048958;0.582013;0.035633;,
  -0.034081;0.553232;0.052440;,
  -0.067074;0.547859;0.086995;,
  -0.140236;0.634811;0.011549;,
  -0.131529;0.623937;0.054040;,
  -0.159428;0.609477;0.060283;,
  -0.164367;0.607329;0.029484;,
  -0.057156;0.360192;0.087324;,
  -0.071781;0.340815;0.045694;,
  -0.081249;0.359711;0.047128;,
  -0.066223;0.375233;0.081031;,
  -0.028324;0.414064;0.076344;,
  -0.019540;0.381510;0.086960;,
  -0.005214;0.432876;0.048637;,
  0.027698;0.393184;0.041179;,
  0.014152;0.390154;0.070644;,
  -0.043352;0.581494;-0.005033;,
  -0.022368;0.550957;-0.000757;,
  -0.071095;0.340669;0.003456;,
  -0.081583;0.359910;0.004236;,
  -0.137476;0.474771;0.047943;,
  -0.138119;0.471309;-0.004150;,
  -0.156101;0.505866;-0.008401;,
  -0.157045;0.513042;0.048324;,
  0.047155;0.395503;0.058374;,
  0.142935;0.403728;0.065380;,
  0.145229;0.372500;0.101088;,
  0.044540;0.358199;0.090721;,
  0.235425;0.406430;0.065380;,
  0.237975;0.360016;0.090954;,
  0.043691;0.384436;0.009417;,
  0.043082;0.290302;0.003894;,
  0.144363;0.306000;0.016768;,
  0.143541;0.381961;0.015951;,
  0.236972;0.325089;0.034599;,
  0.238840;0.367497;0.034667;,
  0.049895;0.298525;0.081779;,
  0.144752;0.307880;0.096694;,
  0.234445;0.322407;0.075230;,
  0.509427;0.320745;0.081315;,
  0.515152;0.343699;0.043036;,
  0.508569;0.298725;0.025222;,
  0.504460;0.283225;0.056172;,
  0.290890;0.381524;0.064962;,
  0.364894;0.377917;0.063761;,
  0.366348;0.347268;0.090948;,
  0.291789;0.350675;0.094331;,
  0.445833;0.372055;0.067768;,
  0.444371;0.340833;0.080999;,
  0.308768;0.360432;0.022068;,
  0.292804;0.307077;0.019795;,
  0.357971;0.313409;0.026996;,
  0.367032;0.354896;0.032551;,
  0.434198;0.325675;0.044743;,
  0.454630;0.355559;0.047800;,
  0.285341;0.301736;0.091523;,
  0.359447;0.309400;0.088944;,
  0.428347;0.321502;0.067877;,
  -0.000310;0.358832;0.090533;,
  0.038510;0.399780;-0.000327;,
  0.056025;0.367064;-0.003342;,
  0.043691;0.384436;0.009417;,
  -0.030859;0.313566;0.091681;,
  -0.048447;0.297088;0.041669;,
  0.025410;0.293049;0.081974;,
  0.006784;0.276889;0.036272;,
  -0.113233;0.427299;0.048151;,
  -0.122350;0.481243;0.080399;,
  -0.108811;0.492496;0.092212;,
  -0.059248;0.513945;0.087891;,
  -0.047130;0.460985;0.075075;,
  -0.091960;0.439108;0.080946;,
  -0.022699;0.522422;0.055450;,
  -0.018177;0.468089;0.053493;,
  -0.013465;0.522772;0.001126;,
  -0.009808;0.463737;0.005161;,
  -0.104213;0.566709;0.125116;,
  -0.084564;0.561203;0.075324;,
  -0.135945;0.528555;0.135231;,
  -0.116257;0.508988;0.082133;,
  -0.150673;0.475347;0.089282;,
  -0.166964;0.490091;0.132592;,
  -0.136601;0.578096;0.048515;,
  -0.167723;0.537757;0.052314;,
  -0.116257;0.508988;0.082133;,
  -0.195781;0.485945;0.067324;,
  -0.150673;0.475347;0.089282;,
  -0.144851;0.584806;0.052430;,
  -0.155761;0.594563;0.094858;,
  -0.187355;0.557646;0.105444;,
  -0.212115;0.500500;0.110509;,
  -0.128871;0.582381;0.118595;,
  -0.157088;0.479715;0.143897;,
  -0.137282;0.460620;0.093464;,
  -0.128444;0.408520;0.123290;,
  -0.141335;0.423056;0.154434;,
  -0.124833;0.368783;0.138388;,
  -0.132168;0.374937;0.163347;,
  -0.137282;0.460620;0.093464;,
  -0.196034;0.446067;0.075229;,
  -0.183871;0.397129;0.114808;,
  -0.128444;0.408520;0.123290;,
  -0.162319;0.357611;0.138571;,
  -0.124833;0.368783;0.138388;,
  -0.215758;0.465142;0.125352;,
  -0.193485;0.408640;0.138664;,
  -0.166759;0.363352;0.154419;,
  -0.067789;0.292858;0.205723;,
  -0.075241;0.305945;0.189691;,
  -0.122767;0.298404;0.191461;,
  -0.114924;0.285715;0.207229;,
  -0.064778;0.337294;0.194237;,
  -0.068326;0.332090;0.203519;,
  -0.071966;0.340963;0.208912;,
  -0.063609;0.347968;0.198797;,
  -0.143115;0.322105;0.158864;,
  -0.133791;0.309888;0.192919;,
  -0.095109;0.345327;0.187173;,
  -0.100635;0.347243;0.152899;,
  -0.156960;0.347824;0.182912;,
  -0.136685;0.318167;0.210840;,
  -0.113254;0.375255;0.176642;,
  -0.099945;0.352820;0.204976;,
  -0.136665;0.622022;0.084006;,
  -0.109691;0.633095;0.090360;,
  -0.131529;0.623937;0.054040;,
  -0.108930;0.627243;0.053977;,
  -0.144766;0.524680;0.085518;,
  -0.114244;0.637108;0.023417;,
  -0.084271;0.621447;0.089343;,
  -0.082613;0.615312;0.058258;,
  -0.073751;0.598177;0.070339;,
  -0.078387;0.590666;0.096333;,
  -0.152980;0.573312;0.080624;,
  -0.165234;0.552495;0.044621;,
  -0.151053;0.578969;0.082597;,
  -0.161878;0.541994;-0.012447;,
  -0.153658;0.601361;-0.016293;,
  -0.159428;0.609477;0.060283;,
  -0.151053;0.578969;0.082597;,
  -0.093037;0.568791;0.077922;,
  -0.139234;0.572362;0.085374;,
  -0.084564;0.561203;0.075324;,
  -0.113641;0.532280;0.089644;,
  -0.079493;0.539959;0.084895;,
  -0.067660;0.583367;0.079077;,
  -0.129958;0.530154;0.093861;,
  -0.100635;0.347243;0.152899;,
  -0.129945;0.672188;0.008593;,
  -0.110047;0.667468;0.018349;,
  -0.142564;0.633255;-0.017733;,
  -0.137480;0.673591;-0.017652;,
  -0.099945;0.352820;0.204976;,
  -0.067789;0.292858;0.205723;,
  -0.114924;0.285715;0.207229;,
  -0.073353;0.338713;0.176274;,
  -0.076987;0.360110;0.190416;,
  -0.073353;0.338713;0.176274;,
  -0.082125;0.333595;0.190892;,
  -0.095045;0.352105;0.200702;,
  -0.095045;0.352105;0.200702;,
  -0.064778;0.337294;0.194237;,
  -0.063609;0.347968;0.198797;,
  -0.071966;0.340963;0.208912;,
  0.496921;0.388893;0.121458;,
  0.508360;0.435529;0.111098;,
  0.527404;0.438199;0.116528;,
  0.518459;0.389144;0.130784;,
  0.477435;0.315275;0.025224;,
  0.508569;0.298725;0.025222;,
  0.515152;0.343699;0.043036;,
  0.491049;0.350675;0.041787;,
  0.434198;0.325675;0.044743;,
  0.428347;0.321502;0.067877;,
  0.469560;0.297495;0.062059;,
  0.509427;0.320745;0.081315;,
  0.504460;0.283225;0.056172;,
  0.475177;0.328186;0.081784;,
  0.445833;0.372055;0.067768;,
  0.444371;0.340833;0.080999;,
  0.530265;0.444802;0.080774;,
  0.513329;0.438268;0.082078;,
  0.518459;0.389144;0.130784;,
  0.530265;0.444802;0.080774;,
  0.143541;0.381961;0.015951;,
  0.238840;0.367497;0.034667;,
  0.308768;0.360432;0.022068;,
  0.367032;0.354896;0.032551;,
  0.454630;0.355559;0.047800;,
  0.454630;0.355559;0.047800;,
  0.033394;0.320264;-0.004539;,
  -0.083915;0.668700;0.028332;,
  -0.067580;0.658466;0.018897;,
  -0.072047;0.652018;0.010866;,
  -0.093958;0.660654;0.011194;,
  -0.101078;0.693553;0.020221;,
  -0.118275;0.708722;0.012691;,
  -0.032964;0.793479;-0.013620;,
  -0.033533;0.796230;-0.033634;,
  -0.011657;0.775923;-0.034125;,
  -0.007750;0.716781;0.004552;,
  -0.007056;0.745840;-0.001606;,
  -0.003475;0.712270;-0.012598;,
  -0.078360;0.696442;0.030869;,
  -0.057527;0.677007;0.022305;,
  -0.088946;0.682071;0.026148;,
  -0.083716;0.735079;0.029353;,
  -0.059381;0.737397;0.027236;,
  -0.042430;0.770131;0.022145;,
  -0.019041;0.758690;0.012037;,
  -0.036080;0.724387;0.021736;,
  -0.115759;0.757017;0.017160;,
  -0.098048;0.743641;0.027436;,
  -0.129848;0.758306;-0.020992;,
  -0.102636;0.798960;-0.027027;,
  -0.090357;0.796529;0.005086;,
  -0.044119;0.703366;0.024738;,
  -0.025128;0.689877;0.009417;,
  -0.048395;0.662720;0.013144;,
  -0.046454;0.634577;0.000610;,
  -0.040591;0.626687;-0.018983;,
  -0.061104;0.631537;-0.017355;,
  -0.009738;0.766565;-0.007574;,
  -0.034637;0.785506;0.007043;,
  -0.071875;0.789175;0.019134;,
  -0.059460;0.801625;0.003236;,
  -0.068632;0.808921;-0.031208;,
  -0.065446;0.807466;-0.014028;,
  -0.130853;0.718285;-0.017599;,
  -0.071875;0.789175;0.019134;,
  -0.059460;0.801625;0.003236;,
  -0.076303;0.699297;0.036740;,
  -0.083760;0.731650;0.045486;,
  -0.070576;0.746533;0.037857;,
  -0.072304;0.726758;0.032482;,
  -0.083760;0.731650;0.045486;,
  -0.076303;0.699297;0.036740;,
  -0.070576;0.746533;0.037857;,
  -0.059381;0.737397;0.027236;,
  -0.060568;0.712402;0.029921;,
  -0.078360;0.696442;0.030869;,
  -0.018189;0.710851;0.006714;,
  -0.060568;0.712402;0.029921;,
  -0.114244;0.637108;0.023417;,
  -0.110047;0.667468;0.018349;,
  -0.108930;0.627243;0.053977;,
  -0.101078;0.693553;0.020221;,
  -0.074734;0.620942;-0.010839;,
  -0.061644;0.601257;-0.008168;,
  -0.003042;0.435453;0.005250;,
  -0.049015;0.297985;-0.000427;,
  -0.020873;0.278596;-0.003374;,
  0.001871;0.272953;-0.005357;,
  -0.074171;0.642198;-0.014096;,
  0.033394;0.320264;-0.004539;,
  -0.065446;0.807466;-0.014028;,
  -0.068632;0.808921;-0.031208;,
  -0.031671;0.662777;-0.002550;,
  -0.018855;0.681467;-0.012955;,
  -0.021562;0.672280;-0.011737;,
  -0.002957;0.763108;-0.033930;,
  0.002733;0.738352;-0.032456;,
  -0.015168;0.706567;-0.013073;,
  -0.112694;0.423981;0.000782;,
  -0.108930;0.627243;0.053977;,
  0.527404;0.438199;0.116528;,
  -0.033965;0.656577;-0.002413;,
  -0.028750;0.651843;-0.010269;,
  -0.030719;0.657504;-0.010727;,
  -0.006896;0.673896;-0.026199;,
  -0.018374;0.668745;-0.024641;,
  -0.024987;0.659701;-0.011729;,
  -0.031282;0.656674;-0.022371;,
  -0.027817;0.648460;-0.022038;,
  0.000800;0.707759;-0.029747;,
  -0.005744;0.700081;-0.028468;,
  -0.139234;0.572362;0.085374;,
  -0.022543;0.657681;-0.023318;,
  -0.108333;0.566672;0.071744;,
  -0.093037;0.568791;0.077922;,
  -0.067660;0.583367;0.079077;,
  -0.098048;0.743641;0.027436;,
  0.290890;0.381524;0.064962;,
  0.272888;0.420115;0.030340;,
  0.344296;0.397162;0.039250;,
  0.364894;0.377917;0.063761;,
  0.235425;0.406430;0.065380;,
  0.232379;0.435350;0.035808;,
  0.142935;0.403728;0.065380;,
  0.143375;0.422828;0.017192;,
  0.047155;0.395503;0.058374;,
  0.057075;0.413582;0.008498;,
  0.027698;0.393184;0.041179;,
  0.413637;0.382916;0.041835;,
  0.445833;0.372055;0.067768;,
  0.356641;0.284875;0.025022;,
  0.426499;0.281727;0.027489;,
  0.352416;0.298228;-0.016897;,
  0.282174;0.315925;-0.014841;,
  0.218707;0.339802;-0.006163;,
  0.294377;0.292918;0.023148;,
  0.151533;0.355926;-0.005720;,
  0.238282;0.295325;0.025103;,
  0.143894;0.291219;0.014505;,
  0.096058;0.312338;-0.006962;,
  0.001282;0.268650;-0.006099;,
  -0.108333;0.566672;0.071744;,
  -0.081439;0.600887;-0.083216;,
  -0.070027;0.582534;-0.090374;,
  -0.068495;0.600114;-0.042190;,
  -0.093533;0.622924;-0.040909;,
  -0.053723;0.570072;-0.091432;,
  -0.052841;0.535396;-0.093261;,
  -0.025602;0.545806;-0.054955;,
  -0.041788;0.575754;-0.045654;,
  -0.135148;0.630370;-0.046127;,
  -0.156156;0.600162;-0.063602;,
  -0.148924;0.596594;-0.090798;,
  -0.130754;0.610273;-0.078880;,
  -0.068009;0.369685;-0.078749;,
  -0.072783;0.380943;-0.071589;,
  -0.084926;0.362912;-0.038409;,
  -0.077253;0.345602;-0.038043;,
  -0.034431;0.419379;-0.065720;,
  -0.030506;0.391103;-0.080851;,
  -0.008936;0.436116;-0.037947;,
  0.003846;0.396934;-0.068545;,
  0.022356;0.397856;-0.040559;,
  -0.081583;0.359910;0.004236;,
  -0.071095;0.340669;0.003456;,
  -0.130509;0.468638;-0.055720;,
  -0.148097;0.505206;-0.065003;,
  -0.156101;0.505866;-0.008401;,
  -0.138119;0.471309;-0.004150;,
  0.015571;0.413811;-0.056060;,
  0.029219;0.385673;-0.090077;,
  0.108022;0.457972;-0.093601;,
  0.088743;0.480013;-0.056211;,
  0.191344;0.498717;-0.080084;,
  0.183772;0.536213;-0.051434;,
  0.016308;0.405239;-0.006057;,
  0.101024;0.458506;-0.008211;,
  0.143569;0.395797;-0.013579;,
  0.051521;0.319597;-0.008409;,
  0.189126;0.501557;-0.023435;,
  0.191545;0.465422;-0.026464;,
  0.143211;0.403595;-0.093145;,
  0.054941;0.337544;-0.084780;,
  0.191275;0.465503;-0.067255;,
  0.416024;0.338876;-0.046224;,
  0.389559;0.302270;-0.041310;,
  0.381851;0.307537;-0.007725;,
  0.408029;0.348472;-0.002992;,
  0.244450;0.491380;-0.049779;,
  0.232725;0.465547;-0.081563;,
  0.295615;0.425793;-0.074740;,
  0.306945;0.451831;-0.045172;,
  0.362008;0.381821;-0.062702;,
  0.374108;0.407738;-0.042749;,
  0.246086;0.462157;-0.007973;,
  0.294950;0.429234;-0.015947;,
  0.266419;0.397334;-0.014373;,
  0.206058;0.423488;-0.011013;,
  0.363359;0.384989;-0.025294;,
  0.337460;0.369290;-0.031801;,
  0.271024;0.396152;-0.076286;,
  0.203075;0.426018;-0.083220;,
  0.336035;0.370588;-0.056324;,
  -0.012071;0.369120;-0.089438;,
  0.016308;0.405239;-0.006057;,
  -0.053919;0.301875;-0.042068;,
  -0.042847;0.324051;-0.091743;,
  0.011285;0.293967;-0.042194;,
  0.025192;0.318207;-0.086868;,
  -0.108839;0.423405;-0.046496;,
  -0.111143;0.471378;-0.086334;,
  -0.096068;0.481277;-0.097393;,
  -0.084606;0.432590;-0.077471;,
  -0.040481;0.455092;-0.068156;,
  -0.047371;0.503489;-0.088822;,
  -0.013651;0.464077;-0.044013;,
  -0.015419;0.516012;-0.052877;,
  -0.102290;0.548533;-0.145494;,
  -0.125580;0.507560;-0.164036;,
  -0.089081;0.540111;-0.094014;,
  -0.150422;0.465712;-0.169542;,
  -0.138119;0.448667;-0.125771;,
  -0.110467;0.484946;-0.110649;,
  -0.146393;0.545735;-0.074125;,
  -0.110467;0.484946;-0.110649;,
  -0.169599;0.501954;-0.086572;,
  -0.138119;0.448667;-0.125771;,
  -0.186291;0.447681;-0.111064;,
  -0.155016;0.551560;-0.078613;,
  -0.184706;0.524895;-0.139950;,
  -0.161413;0.564578;-0.121087;,
  -0.198616;0.464505;-0.154744;,
  -0.129859;0.559463;-0.141412;,
  -0.136361;0.460789;-0.179411;,
  -0.105564;0.411333;-0.192639;,
  -0.094541;0.395694;-0.161312;,
  -0.120637;0.439502;-0.128421;,
  -0.083245;0.368111;-0.204171;,
  -0.081313;0.356924;-0.179274;,
  -0.120637;0.439502;-0.128421;,
  -0.094541;0.395694;-0.161312;,
  -0.146021;0.370941;-0.164646;,
  -0.176104;0.409629;-0.123135;,
  -0.081313;0.356924;-0.179274;,
  -0.113424;0.343773;-0.192001;,
  -0.154309;0.383343;-0.188554;,
  -0.191772;0.430882;-0.173809;,
  -0.114834;0.348817;-0.204054;,
  0.019193;0.322490;-0.255611;,
  -0.021479;0.311256;-0.277851;,
  -0.032157;0.298895;-0.263558;,
  0.008743;0.310093;-0.240745;,
  -0.003735;0.328972;-0.204392;,
  -0.000466;0.340025;-0.202593;,
  -0.002280;0.339486;-0.217346;,
  -0.001892;0.328654;-0.215452;,
  -0.088900;0.319308;-0.220894;,
  -0.055946;0.330068;-0.185251;,
  -0.033392;0.340242;-0.209678;,
  -0.063119;0.319315;-0.247935;,
  -0.056351;0.334246;-0.259309;,
  -0.088463;0.354663;-0.234358;,
  -0.054642;0.367088;-0.196891;,
  -0.028337;0.354856;-0.222222;,
  -0.143847;0.599892;-0.105342;,
  -0.118011;0.608755;-0.117471;,
  -0.109180;0.613029;-0.081040;,
  -0.130754;0.610273;-0.078880;,
  -0.130038;0.511784;-0.101006;,
  -0.107459;0.631186;-0.053500;,
  -0.092059;0.598190;-0.116416;,
  -0.085386;0.568547;-0.115930;,
  -0.070027;0.582534;-0.090374;,
  -0.081439;0.600887;-0.083216;,
  -0.139015;0.556407;-0.105646;,
  -0.137129;0.561496;-0.108025;,
  -0.155110;0.543658;-0.070151;,
  -0.161878;0.541994;-0.012447;,
  -0.153658;0.601361;-0.016293;,
  -0.148924;0.596594;-0.090798;,
  -0.137129;0.561496;-0.108025;,
  -0.082591;0.554045;-0.092300;,
  -0.089081;0.540111;-0.094014;,
  -0.127586;0.554402;-0.106147;,
  -0.065517;0.527721;-0.092112;,
  -0.098578;0.519089;-0.101133;,
  -0.053723;0.570072;-0.091432;,
  -0.114054;0.516227;-0.107557;,
  -0.055946;0.330068;-0.185251;,
  -0.109761;0.661920;-0.051535;,
  -0.129733;0.668085;-0.043107;,
  -0.137480;0.673591;-0.017652;,
  -0.142564;0.633255;-0.017733;,
  -0.028337;0.354856;-0.222222;,
  0.019193;0.322490;-0.255611;,
  -0.021479;0.311256;-0.277851;,
  -0.016362;0.350686;-0.197093;,
  -0.020412;0.325281;-0.194072;,
  -0.020412;0.325281;-0.194072;,
  -0.020258;0.328250;-0.211622;,
  -0.026366;0.351484;-0.216974;,
  -0.026366;0.351484;-0.216974;,
  -0.000466;0.340025;-0.202593;,
  -0.003735;0.328972;-0.204392;,
  -0.002280;0.339486;-0.217346;,
  0.443529;0.413051;-0.058618;,
  0.466039;0.406411;-0.058254;,
  0.479475;0.442993;-0.024035;,
  0.460307;0.447312;-0.027671;,
  0.360443;0.335029;-0.013124;,
  0.389290;0.364322;-0.008358;,
  0.408029;0.348472;-0.002992;,
  0.381851;0.307537;-0.007725;,
  0.337460;0.369290;-0.031801;,
  0.367321;0.330583;-0.053964;,
  0.336035;0.370588;-0.056324;,
  0.416024;0.338876;-0.046224;,
  0.389842;0.359701;-0.056688;,
  0.389559;0.302270;-0.041310;,
  0.374108;0.407738;-0.042749;,
  0.362008;0.381821;-0.062702;,
  0.450871;0.441360;-0.000287;,
  0.466004;0.439861;0.009711;,
  0.466004;0.439861;0.009711;,
  0.466039;0.406411;-0.058254;,
  0.101024;0.458506;-0.008211;,
  0.189126;0.501557;-0.023435;,
  0.246086;0.462157;-0.007973;,
  0.294950;0.429234;-0.015947;,
  0.363359;0.384989;-0.025294;,
  0.363359;0.384989;-0.025294;,
  -0.092957;0.661173;-0.063135;,
  -0.093737;0.656357;-0.042940;,
  -0.077653;0.647351;-0.045845;,
  -0.074937;0.652341;-0.055527;,
  -0.108610;0.687282;-0.055974;,
  -0.124255;0.703744;-0.047801;,
  -0.036823;0.790266;-0.052661;,
  -0.033533;0.796230;-0.033634;,
  -0.014401;0.711244;-0.062727;,
  -0.006800;0.709502;-0.046237;,
  -0.012988;0.740902;-0.061610;,
  -0.066037;0.669923;-0.063782;,
  -0.088446;0.688045;-0.071162;,
  -0.097680;0.674799;-0.062208;,
  -0.094023;0.726499;-0.074909;,
  -0.069781;0.728740;-0.077969;,
  -0.045650;0.716420;-0.075073;,
  -0.027601;0.751564;-0.074558;,
  -0.052690;0.761590;-0.081640;,
  -0.107843;0.735486;-0.071653;,
  -0.123429;0.750631;-0.060433;,
  -0.129848;0.758306;-0.020992;,
  -0.096799;0.791165;-0.060089;,
  -0.102636;0.798960;-0.027027;,
  -0.053781;0.695322;-0.073011;,
  -0.055070;0.657163;-0.054382;,
  -0.031960;0.684189;-0.059698;,
  -0.050278;0.631393;-0.038076;,
  -0.014789;0.762360;-0.058669;,
  -0.042355;0.779081;-0.071036;,
  -0.066219;0.795999;-0.065134;,
  -0.081288;0.781339;-0.076084;,
  -0.068826;0.804652;-0.048214;,
  -0.068632;0.808921;-0.031208;,
  -0.130853;0.718285;-0.017599;,
  -0.081288;0.781339;-0.076084;,
  -0.066219;0.795999;-0.065134;,
  -0.087616;0.689879;-0.077703;,
  -0.083306;0.717599;-0.078809;,
  -0.082973;0.736213;-0.087546;,
  -0.097149;0.720504;-0.089953;,
  -0.087616;0.689879;-0.077703;,
  -0.097149;0.720504;-0.089953;,
  -0.082973;0.736213;-0.087546;,
  -0.069781;0.728740;-0.077969;,
  -0.071067;0.703662;-0.076288;,
  -0.088446;0.688045;-0.071162;,
  -0.024964;0.705210;-0.061829;,
  -0.071067;0.703662;-0.076288;,
  -0.109761;0.661920;-0.051535;,
  -0.107459;0.631186;-0.053500;,
  -0.109180;0.613029;-0.081040;,
  -0.108610;0.687282;-0.055974;,
  -0.049015;0.297985;-0.000427;,
  -0.020873;0.278596;-0.003374;,
  0.001871;0.272953;-0.005357;,
  0.033394;0.320264;-0.004539;,
  -0.068826;0.804652;-0.048214;,
  -0.068632;0.808921;-0.031208;,
  -0.035616;0.659493;-0.042460;,
  -0.024067;0.670194;-0.037076;,
  -0.021322;0.679413;-0.037913;,
  -0.018085;0.704139;-0.042580;,
  -0.112694;0.423981;0.000782;,
  -0.109180;0.613029;-0.081040;,
  0.479475;0.442993;-0.024035;,
  -0.031075;0.649908;-0.033790;,
  -0.037793;0.653389;-0.041142;,
  -0.033007;0.655598;-0.033880;,
  -0.027227;0.657836;-0.034382;,
  -0.127586;0.554402;-0.106147;,
  -0.098354;0.552343;-0.087846;,
  -0.082591;0.554045;-0.092300;,
  -0.053723;0.570072;-0.091432;,
  -0.107843;0.735486;-0.071653;,
  0.265417;0.495595;-0.000520;,
  0.334753;0.462484;-0.004692;,
  0.340855;0.431946;0.018947;,
  0.268465;0.456489;0.015906;,
  0.191647;0.521522;-0.007071;,
  0.211829;0.480434;0.019860;,
  0.108386;0.469817;-0.005711;,
  0.134319;0.447756;0.009201;,
  0.029745;0.428069;-0.009391;,
  0.054873;0.420331;-0.000509;,
  0.038510;0.399780;-0.000327;,
  0.022356;0.397856;-0.040559;,
  0.400788;0.433074;-0.001910;,
  0.403448;0.414096;0.023280;,
  0.328441;0.335843;-0.009797;,
  0.336032;0.370587;-0.056310;,
  0.271024;0.396152;-0.076286;,
  0.263318;0.372218;-0.014992;,
  0.203075;0.426018;-0.083220;,
  0.202707;0.408494;-0.019053;,
  0.192855;0.436352;-0.019229;,
  0.191275;0.465503;-0.067255;,
  0.143211;0.403595;-0.093145;,
  0.153395;0.381399;-0.011997;,
  -0.020873;0.278596;-0.003374;,
  0.011285;0.293967;-0.042194;,
  -0.098354;0.552343;-0.087846;,
  0.015571;0.413811;-0.056060;,
  0.088743;0.480013;-0.056211;,
  0.183772;0.536213;-0.051434;,
  0.244450;0.491380;-0.049779;,
  0.306945;0.451831;-0.045172;,
  0.374108;0.407738;-0.042749;,
  0.049895;0.298525;0.081779;,
  0.144752;0.307880;0.096694;,
  0.006784;0.276889;0.036272;,
  0.234445;0.322407;0.075230;,
  0.285341;0.301736;0.091523;,
  0.359447;0.309400;0.088944;,
  0.428347;0.321502;0.067877;,
  0.054941;0.337544;-0.084780;;
  916;
  3;0,2,1;,
  3;2,0,3;,
  3;4,6,5;,
  3;6,4,7;,
  3;8,10,9;,
  3;10,8,11;,
  3;12,14,13;,
  3;14,12,15;,
  3;16,12,17;,
  3;12,16,15;,
  3;18,20,19;,
  3;20,18,16;,
  3;5,22,21;,
  3;22,5,6;,
  3;13,24,23;,
  3;24,13,14;,
  3;25,27,26;,
  3;27,25,28;,
  3;29,31,30;,
  3;31,29,32;,
  3;31,33,30;,
  3;33,31,34;,
  3;35,37,36;,
  3;37,35,38;,
  3;38,39,37;,
  3;39,38,40;,
  3;36,42,41;,
  3;42,36,37;,
  3;37,43,42;,
  3;43,37,39;,
  3;41,31,32;,
  3;31,41,42;,
  3;42,34,31;,
  3;34,42,43;,
  3;44,46,45;,
  3;46,44,47;,
  3;48,50,49;,
  3;50,48,51;,
  3;49,53,52;,
  3;53,49,50;,
  3;54,56,55;,
  3;56,54,57;,
  3;57,58,56;,
  3;58,57,59;,
  3;55,61,60;,
  3;61,55,56;,
  3;56,62,61;,
  3;62,56,58;,
  3;60,50,51;,
  3;50,60,61;,
  3;61,53,50;,
  3;53,61,62;,
  3;32,20,63;,
  3;20,32,29;,
  3;64,66,65;,
  3;66,64,19;,
  3;13,67,12;,
  3;67,13,68;,
  3;68,69,67;,
  3;69,68,70;,
  3;70,41,69;,
  3;41,70,36;,
  3;48,34,51;,
  3;34,48,33;,
  3;51,43,60;,
  3;43,51,34;,
  3;43,55,60;,
  3;55,43,39;,
  3;39,54,55;,
  3;54,39,40;,
  3;12,63,17;,
  3;63,12,67;,
  3;67,32,63;,
  3;32,67,69;,
  3;69,41,32;,
  3;71,72,25;,
  3;73,75,74;,
  3;75,73,76;,
  3;75,77,74;,
  3;77,75,78;,
  3;79,78,80;,
  3;78,79,77;,
  3;81,83,82;,
  3;83,85,84;,
  3;85,83,86;,
  3;87,89,88;,
  3;89,90,88;,
  3;90,89,91;,
  3;92,94,93;,
  3;92,88,94;,
  3;92,87,88;,
  3;88,95,94;,
  3;95,88,90;,
  3;96,94,83;,
  3;94,86,83;,
  3;86,94,95;,
  3;97,99,98;,
  3;99,97,100;,
  3;100,101,99;,
  3;101,100,102;,
  3;103,105,104;,
  3;105,103,106;,
  3;106,107,105;,
  3;107,106,108;,
  3;104,110,109;,
  3;110,104,105;,
  3;105,111,110;,
  3;111,105,107;,
  3;109,100,97;,
  3;100,109,110;,
  3;110,102,100;,
  3;102,110,111;,
  3;112,114,113;,
  3;114,112,115;,
  3;116,118,117;,
  3;118,116,119;,
  3;120,122,121;,
  3;122,120,123;,
  3;120,125,124;,
  3;125,120,121;,
  3;126,125,127;,
  3;125,126,124;,
  3;95,97,86;,
  3;97,95,109;,
  3;86,98,85;,
  3;98,86,97;,
  3;90,103,104;,
  3;103,90,91;,
  3;104,95,90;,
  3;95,104,109;,
  3;128,96,129;,
  3;96,128,93;,
  3;129,130,128;,
  3;130,129,131;,
  3;72,28,25;,
  3;28,72,132;,
  3;9,133,8;,
  3;134,136,135;,
  3;136,134,137;,
  3;81,137,134;,
  3;138,11,139;,
  3;138,10,11;,
  3;138,140,10;,
  3;141,11,142;,
  3;11,141,139;,
  3;128,130,143;,
  3;93,144,92;,
  3;93,143,144;,
  3;93,128,143;,
  3;145,87,146;,
  3;87,145,147;,
  3;74,148,73;,
  3;148,74,149;,
  3;150,147,145;,
  3;7,149,74;,
  3;148,151,73;,
  3;102,152,101;,
  3;152,102,126;,
  3;102,124,126;,
  3;124,102,111;,
  3;111,120,124;,
  3;120,111,107;,
  3;120,108,123;,
  3;108,120,107;,
  3;8,154,153;,
  3;154,8,133;,
  3;153,155,8;,
  3;155,153,156;,
  3;121,113,114;,
  3;113,121,122;,
  3;122,112,113;,
  3;112,122,157;,
  3;158,125,159;,
  3;125,158,127;,
  3;159,121,114;,
  3;121,159,125;,
  3;126,160,152;,
  3;160,126,161;,
  3;162,122,123;,
  3;122,162,163;,
  3;122,164,157;,
  3;164,122,163;,
  3;165,126,127;,
  3;126,165,161;,
  3;161,166,160;,
  3;166,161,167;,
  3;162,117,163;,
  3;117,162,116;,
  3;163,118,164;,
  3;118,163,117;,
  3;165,167,161;,
  3;167,165,168;,
  3;169,171,170;,
  3;171,169,172;,
  3;173,175,174;,
  3;175,173,176;,
  3;177,179,178;,
  3;179,177,173;,
  3;180,179,181;,
  3;179,180,182;,
  3;183,169,170;,
  3;169,183,184;,
  3;175,186,185;,
  3;186,175,176;,
  3;45,187,44;,
  3;187,45,188;,
  3;180,169,182;,
  3;169,180,172;,
  3;19,29,66;,
  3;20,29,19;,
  3;29,30,189;,
  3;30,190,189;,
  3;190,30,33;,
  3;33,191,190;,
  3;191,33,48;,
  3;191,49,192;,
  3;49,191,48;,
  3;192,52,193;,
  3;52,192,49;,
  3;194,170,186;,
  3;170,194,183;,
  3;170,185,186;,
  3;185,170,171;,
  3;186,176,194;,
  3;194,173,177;,
  3;173,194,176;,
  3;179,174,181;,
  3;174,179,173;,
  3;178,182,184;,
  3;182,178,179;,
  3;182,169,184;,
  3;16,17,20;,
  3;17,63,20;,
  3;66,195,65;,
  3;196,198,197;,
  3;198,196,199;,
  3;200,153,154;,
  3;153,200,201;,
  3;202,204,203;,
  3;205,207,206;,
  3;196,209,208;,
  3;209,196,197;,
  3;210,208,211;,
  3;208,210,196;,
  3;212,214,213;,
  3;214,212,215;,
  3;212,213,211;,
  3;201,217,216;,
  3;217,201,200;,
  3;218,220,219;,
  3;220,218,216;,
  3;210,199,196;,
  3;214,205,206;,
  3;221,223,222;,
  3;197,198,224;,
  3;224,226,225;,
  3;226,224,198;,
  3;227,214,206;,
  3;228,229,213;,
  3;229,228,230;,
  3;219,232,231;,
  3;214,228,213;,
  3;156,201,233;,
  3;201,156,153;,
  3;233,216,218;,
  3;216,233,201;,
  3;220,216,234;,
  3;235,220,234;,
  3;236,238,237;,
  3;238,236,239;,
  3;208,240,211;,
  3;240,208,241;,
  3;211,242,212;,
  3;242,211,240;,
  3;243,239,244;,
  3;239,243,238;,
  3;244,236,245;,
  3;236,244,239;,
  3;246,221,222;,
  3;221,246,215;,
  3;221,212,247;,
  3;212,221,215;,
  3;199,248,1;,
  3;248,199,249;,
  3;133,9,250;,
  3;249,210,251;,
  3;210,249,199;,
  3;210,211,251;,
  3;252,2,253;,
  3;2,252,1;,
  3;19,254,18;,
  3;254,19,64;,
  3;23,68,13;,
  3;68,23,255;,
  3;68,256,70;,
  3;256,68,255;,
  3;256,36,70;,
  3;36,256,257;,
  3;258,1,252;,
  3;1,258,199;,
  3;257,259,36;,
  3;36,259,35;,
  3;260,203,261;,
  3;203,260,202;,
  3;262,263,222;,
  3;263,262,264;,
  3;198,258,226;,
  3;258,198,199;,
  3;265,204,227;,
  3;265,206,266;,
  3;206,265,227;,
  3;222,267,246;,
  3;267,222,263;,
  3;89,87,147;,
  3;82,83,84;,
  3;78,16,18;,
  3;16,78,75;,
  3;75,15,16;,
  3;15,75,76;,
  3;15,71,14;,
  3;71,15,76;,
  3;14,268,24;,
  3;268,14,71;,
  3;248,269,1;,
  3;1,269,0;,
  3;135,129,134;,
  3;129,135,131;,
  3;134,96,81;,
  3;96,134,129;,
  3;96,83,81;,
  3;94,96,93;,
  3;29,189,66;,
  3;205,215,246;,
  3;267,205,246;,
  3;205,267,207;,
  3;205,214,215;,
  3;187,188,270;,
  3;224,272,271;,
  3;223,221,209;,
  3;224,223,197;,
  3;271,273,262;,
  3;273,271,272;,
  3;263,275,274;,
  3;273,276,262;,
  3;277,272,278;,
  3;272,277,273;,
  3;223,271,262;,
  3;271,223,224;,
  3;223,209,197;,
  3;208,221,247;,
  3;221,208,209;,
  3;222,223,262;,
  3;266,207,279;,
  3;207,266,206;,
  3;207,280,279;,
  3;280,207,267;,
  3;280,263,274;,
  3;263,280,267;,
  3;264,262,276;,
  3;76,73,72;,
  3;138,281,140;,
  3;73,132,72;,
  3;132,73,151;,
  3;72,71,76;,
  3;272,225,278;,
  3;155,11,8;,
  3;276,277,282;,
  3;277,276,273;,
  3;275,276,282;,
  3;276,275,264;,
  3;28,141,27;,
  3;141,28,139;,
  3;139,132,138;,
  3;132,139,28;,
  3;132,281,138;,
  3;281,132,151;,
  3;281,148,283;,
  3;148,281,151;,
  3;283,149,284;,
  3;149,283,148;,
  3;7,284,149;,
  3;284,7,4;,
  3;6,79,22;,
  3;79,6,77;,
  3;77,7,74;,
  3;7,77,6;,
  3;5,3,4;,
  3;3,5,2;,
  3;285,137,82;,
  3;137,285,136;,
  3;137,81,82;,
  3;92,146,87;,
  3;146,92,144;,
  3;2,21,253;,
  3;21,2,5;,
  3;286,213,229;,
  3;251,211,286;,
  3;213,286,211;,
  3;234,216,217;,
  3;227,202,228;,
  3;202,230,228;,
  3;230,202,260;,
  3;232,220,235;,
  3;228,214,227;,
  3;26,71,25;,
  3;71,26,268;,
  3;155,142,11;,
  3;18,80,78;,
  3;80,18,254;,
  3;272,224,225;,
  3;275,263,264;,
  3;202,227,204;,
  3;232,219,220;,
  3;287,289,288;,
  3;289,287,290;,
  3;291,288,292;,
  3;288,291,287;,
  3;293,292,294;,
  3;292,293,291;,
  3;295,294,296;,
  3;294,295,293;,
  3;296,297,295;,
  3;298,290,299;,
  3;290,298,289;,
  3;300,302,301;,
  3;302,300,303;,
  3;304,300,305;,
  3;300,304,303;,
  3;306,305,307;,
  3;305,306,304;,
  3;308,306,307;,
  3;306,308,309;,
  3;308,310,309;,
  3;145,146,311;,
  3;312,314,313;,
  3;314,312,315;,
  3;316,318,317;,
  3;318,316,319;,
  3;320,322,321;,
  3;322,320,323;,
  3;324,326,325;,
  3;326,324,327;,
  3;328,324,325;,
  3;324,328,329;,
  3;330,331,328;,
  3;331,330,332;,
  3;319,22,318;,
  3;22,319,21;,
  3;327,333,326;,
  3;333,327,334;,
  3;335,337,336;,
  3;337,335,338;,
  3;339,341,340;,
  3;341,339,342;,
  3;341,344,343;,
  3;344,341,342;,
  3;345,347,346;,
  3;347,345,348;,
  3;346,350,349;,
  3;350,346,347;,
  3;348,351,347;,
  3;351,348,352;,
  3;347,353,350;,
  3;353,347,351;,
  3;352,341,351;,
  3;341,352,340;,
  3;351,343,353;,
  3;343,351,341;,
  3;354,356,355;,
  3;356,354,357;,
  3;358,360,359;,
  3;360,358,361;,
