xof 0303txt 0032
template XSkinMeshHeader {
 <3cf169ce-ff7c-44ab-93c0-f78f62d172e2>
 WORD nMaxSkinWeightsPerVertex;
 WORD nMaxSkinWeightsPerFace;
 WORD nBones;
}

template VertexDuplicationIndices {
 <b8d65549-d7c9-4995-89cf-53a9a8b031e3>
 DWORD nIndices;
 DWORD nOriginalVertices;
 array DWORD indices[nIndices];
}

template SkinWeights {
 <6f0d123b-bad2-4167-a0d0-80224f25fabb>
 STRING transformNodeName;
 DWORD nWeights;
 array DWORD vertexIndices[nWeights];
 array FLOAT weights[nWeights];
 Matrix4x4 matrixOffset;
}

template AnimTicksPerSecond {
 <9e415a43-7ba6-4a73-8743-b73d47e88476>
 DWORD AnimTicksPerSecond;
}

template VertexElement {
 <f752461c-1e23-48f6-b9f8-8350850f336f>
 DWORD Type;
 DWORD Method;
 DWORD Usage;
 DWORD UsageIndex;
}

template DeclData {
 <bf22e553-292c-4781-9fea-62bd554bdd93>
 DWORD nElements;
 array VertexElement Elements[nElements];
 DWORD nDWords;
 array DWORD data[nDWords];
}


AnimTicksPerSecond {
 4800;
}

Frame Dummy01 {
 

 FrameTransformMatrix {
  -1.000000,-0.000000,0.000000,0.000000,-0.000000,0.000000,1.000000,0.000000,-0.000000,1.000000,-0.000000,0.000000,0.000000,0.000000,0.000000,1.000000;;
 }

 Frame Bip01 {
  

  FrameTransformMatrix {
   -0.255894,0.952850,0.163083,0.000000,0.960798,0.232064,0.151701,0.000000,0.106703,0.195509,-0.974880,0.000000,0.265748,0.000107,0.364706,1.000000;;
  }

  Frame Bip01_Pelvis {
   

   FrameTransformMatrix {
    0.000000,-1.000000,-0.000001,0.000000,0.000001,0.000001,-1.000000,0.000000,1.000000,0.000000,0.000001,0.000000,-0.000000,0.000000,0.000000,1.000000;;
   }

   Frame Bip01_Spine {
    

    FrameTransformMatrix {
     0.911356,0.120141,0.393696,0.000000,-0.118443,0.992546,-0.028706,0.000000,-0.394210,-0.020469,0.918793,0.000000,0.051667,0.000002,-0.000078,1.000000;;
    }

    Frame Bip01_Spine1 {
     

     FrameTransformMatrix {
      0.992007,-0.126182,0.000006,0.000000,0.126182,0.992007,-0.000101,0.000000,0.000007,0.000101,1.000000,0.000000,0.106480,-0.000000,-0.000085,1.000000;;
     }

     Frame Bip01_Neck {
      

      FrameTransformMatrix {
       0.903366,-0.000001,0.428870,0.000000,0.000001,1.000000,0.000000,0.000000,-0.428870,0.000000,0.903366,0.000000,0.130516,0.000000,0.004628,1.000000;;
      }

      Frame Bip01_Head {
       

       FrameTransformMatrix {
        0.968848,0.218042,-0.117439,0.000000,-0.136713,0.866272,0.480502,0.000000,0.206504,-0.449478,0.869095,0.000000,0.033674,-0.000000,0.000000,1.000000;;
       }

       Frame Bip01_HeadNub {
        

        FrameTransformMatrix {
         1.000000,-0.000000,0.000000,0.000000,0.000000,1.000000,-0.000000,0.000000,-0.000000,0.000000,1.000000,0.000000,0.169824,-0.000000,-0.000000,1.000000;;
        }
       }
      }

      Frame Bip01_R_Clavicle {
       

       FrameTransformMatrix {
        0.603865,-0.770228,0.205171,0.000000,-0.704937,-0.395918,0.588484,0.000000,-0.372036,-0.499998,-0.782043,0.000000,-0.023698,-0.015715,0.006128,1.000000;;
       }

       Frame Bip01_R_UpperArm {
        

        FrameTransformMatrix {
         0.611298,0.153540,-0.776363,0.000000,-0.771680,-0.101989,-0.627781,0.000000,-0.175570,0.982865,0.056138,0.000000,0.087086,-0.000000,0.000000,1.000000;;
        }

        Frame Bip01_R_Forearm {
         

         FrameTransformMatrix {
          -0.769285,-0.000000,-0.638906,0.000000,-0.000000,1.000000,0.000000,0.000000,0.638906,0.000000,-0.769284,0.000000,0.137062,-0.000000,-0.000000,1.000000;;
         }

         Frame Bip01_R_Hand {
          

          FrameTransformMatrix {
           0.922677,-0.088352,0.375314,0.000000,0.384325,0.132496,-0.913640,0.000000,0.030994,0.987238,0.156207,0.000000,0.137062,0.000000,0.000000,1.000000;;
          }

          Frame Bip01_R_Finger0 {
           

           FrameTransformMatrix {
            0.829256,0.514255,0.218807,0.000000,-0.558537,0.749101,0.356210,0.000000,0.019274,-0.417601,0.908427,0.000000,0.057681,0.023605,-0.000272,1.000000;;
           }

           Frame Bip01_R_Finger0Nub {
            

            FrameTransformMatrix {
             1.000000,0.000000,-0.000000,0.000000,-0.000000,1.000000,0.000000,0.000000,0.000000,-0.000000,1.000000,0.000000,0.029435,0.000000,0.000000,1.000000;;
            }
           }
          }

          Frame Bip01_R_Finger1 {
           

           FrameTransformMatrix {
            0.989590,0.000115,0.143914,0.000000,-0.000000,1.000000,-0.000796,0.000000,-0.143914,0.000788,0.989590,0.000000,0.084102,-0.000000,-0.000000,1.000000;;
           }

           Frame Bip01_R_Finger1Nub {
            

            FrameTransformMatrix {
             1.000000,-0.000000,0.000000,0.000000,0.000000,1.000000,0.000000,0.000000,-0.000000,-0.000000,1.000000,0.000000,0.047988,-0.000000,0.000000,1.000000;;
            }
           }
          }
         }
        }
       }
      }

      Frame Bip01_L_Clavicle {
       

       FrameTransformMatrix {
        -0.065836,0.989212,0.130865,0.000000,0.901460,0.115195,-0.417253,0.000000,-0.427827,0.090499,-0.899319,0.000000,-0.023698,0.015714,0.006128,1.000000;;
       }

       Frame Bip01_L_UpperArm {
        

        FrameTransformMatrix {
         -0.234852,-0.815014,-0.529714,0.000000,0.243499,0.478251,-0.843791,0.000000,0.941038,-0.327151,0.086137,0.000000,0.087086,0.000000,-0.000000,1.000000;;
        }

        Frame Bip01_L_Forearm {
         

         FrameTransformMatrix {
          0.160651,0.000000,-0.987011,0.000000,-0.000000,1.000000,-0.000000,0.000000,0.987011,0.000000,0.160651,0.000000,0.137062,-0.000000,0.000000,1.000000;;
         }

         Frame Bip01_L_Hand {
          

          FrameTransformMatrix {
           0.250346,0.966869,-0.049904,0.000000,-0.100877,0.077315,0.991890,0.000000,0.962887,-0.243282,0.116890,0.000000,0.137062,0.000000,-0.000000,1.000000;;
          }

          Frame Bip01_L_Finger0 {
           

           FrameTransformMatrix {
            0.829256,-0.514255,0.218807,0.000000,0.558537,0.749101,-0.356210,0.000000,0.019274,0.417601,0.908427,0.000000,0.057681,-0.023605,-0.000272,1.000000;;
           }

           Frame Bip01_L_Finger0Nub {
            

            FrameTransformMatrix {
             -1.000000,0.000000,-0.000000,0.000000,0.000000,1.000000,0.000000,0.000000,0.000000,0.000000,-1.000000,0.000000,0.029435,0.000000,-0.000000,1.000000;;
            }
           }
          }

          Frame Bip01_L_Finger1 {
           

           FrameTransformMatrix {
            0.989590,-0.000115,0.143914,0.000000,0.000000,1.000000,0.000796,0.000000,-0.143914,-0.000788,0.989590,0.000000,0.084102,-0.000000,-0.000000,1.000000;;
           }

           Frame Bip01_L_Finger1Nub {
            

            FrameTransformMatrix {
             -1.000000,0.000000,-0.000000,0.000000,0.000000,1.000000,0.000000,0.000000,0.000000,0.000000,-1.000000,0.000000,0.047988,-0.000000,-0.000000,1.000000;;
            }
           }
          }
         }
        }
       }
      }
     }

     Frame Bip01_BackPack {
      

      FrameTransformMatrix {
       0.175546,0.384528,-0.906268,0.000000,-0.004791,0.920886,0.389802,0.000000,0.984460,-0.064087,0.163500,0.000000,0.063696,0.016688,-0.088855,1.000000;;
      }

      Frame Bip01_BackPackNub {
       

       FrameTransformMatrix {
        0.000796,-0.000003,1.000000,0.000000,0.000003,-1.000000,-0.000003,0.000000,1.000000,0.000003,-0.000796,0.000000,0.053240,-0.000000,0.000000,1.000000;;
       }
      }
     }
    }

    Frame Bip01_R_Thigh {
     

     FrameTransformMatrix {
      -0.934250,0.008665,0.356515,0.000000,-0.013365,-0.999853,-0.010721,0.000000,0.356369,-0.014781,0.934228,0.000000,-0.053691,-0.048698,0.021570,1.000000;;
     }

     Frame Bip01_R_Calf {
      

      FrameTransformMatrix {
       0.855376,0.000000,-0.518007,0.000000,-0.000000,1.000000,0.000000,0.000000,0.518007,-0.000000,0.855376,0.000000,0.237500,-0.000000,-0.000000,1.000000;;
      }

      Frame Bip01_R_Foot {
       

       FrameTransformMatrix {
        0.879478,-0.412780,-0.236921,0.000000,0.379884,0.908706,-0.173038,0.000000,0.286718,0.062181,0.955995,0.000000,0.206841,0.000000,0.000000,1.000000;;
       }

       Frame Bip01_R_Toe0 {
        

        FrameTransformMatrix {
         0.000002,0.000000,1.000000,0.000000,0.000001,1.000000,-0.000000,0.000000,-1.000000,0.000001,0.000002,0.000000,0.065373,-0.000000,0.066450,1.000000;;
        }

        Frame Bip01_R_Toe0Nub {
         

         FrameTransformMatrix {
          -1.000000,-0.000000,-0.000000,0.000000,-0.000000,1.000000,-0.000000,0.000000,0.000000,-0.000000,-1.000000,0.000000,0.006735,-0.000000,0.000000,1.000000;;
         }
        }
       }
      }
     }
    }

    Frame Bip01_L_Thigh {
     

     FrameTransformMatrix {
      -0.631191,-0.383683,0.674081,0.000000,0.129872,-0.909090,-0.395840,0.000000,0.764678,-0.162306,0.623639,0.000000,-0.040422,0.060929,0.019309,1.000000;;
     }

     Frame Bip01_L_Calf {
      

      FrameTransformMatrix {
       0.633765,-0.000000,-0.773526,0.000000,0.000000,1.000000,-0.000000,0.000000,0.773526,0.000000,0.633765,0.000000,0.237500,0.000000,0.000000,1.000000;;
      }

      Frame Bip01_L_Foot {
       

       FrameTransformMatrix {
        0.887711,-0.291936,-0.356009,0.000000,0.343836,0.934615,0.090951,0.000000,0.306179,-0.203147,0.930046,0.000000,0.206841,0.000000,0.000000,1.000000;;
       }

       Frame Bip01_L_Toe0 {
        

        FrameTransformMatrix {
         0.000002,0.000000,1.000000,0.000000,-0.000000,1.000000,0.000000,0.000000,-1.000000,-0.000000,0.000002,0.000000,0.065373,0.000000,0.066450,1.000000;;
        }

        Frame Bip01_L_Toe0Nub {
         

         FrameTransformMatrix {
          1.000000,0.000000,-0.000000,0.000000,-0.000000,1.000000,-0.000000,0.000000,0.000000,0.000000,1.000000,0.000000,0.006735,0.000000,-0.000000,1.000000;;
         }
        }
       }
      }
     }
    }
   }

   Frame Bip01_DressFront {
    

    FrameTransformMatrix {
     -0.707985,-0.649776,0.276673,0.000000,-0.590021,0.759506,0.273909,0.000000,-0.388114,0.030681,-0.921100,0.000000,-0.038930,-0.013433,0.059039,1.000000;;
    }

    Frame Bip01_DressFront02 {
     

     FrameTransformMatrix {
      0.879319,0.279193,0.385811,0.000000,-0.320000,0.946372,0.044483,0.000000,-0.352702,-0.162575,0.921505,0.000000,0.183371,0.000021,-0.000121,1.000000;;
     }

     Frame Bip01_DressFrontNub {
      

      FrameTransformMatrix {
       0.000796,-0.000003,1.000000,0.000000,0.000001,-1.000000,-0.000003,0.000000,1.000000,0.000001,-0.000796,0.000000,0.165302,0.000000,0.000000,1.000000;;
      }
     }
    }
   }

   Frame Bip01_DressBack {
    

    FrameTransformMatrix {
     -0.879906,-0.155526,0.448973,0.000000,0.104196,0.858754,0.501682,0.000000,-0.463582,0.488214,-0.739418,0.000000,-0.048834,0.009428,-0.074957,1.000000;;
    }

    Frame Bip01_DressBack02 {
     

     FrameTransformMatrix {
      0.669175,-0.305138,0.677566,0.000000,0.740667,0.200088,-0.641386,0.000000,0.060138,0.931051,0.359900,0.000000,0.176152,-0.000101,-0.000039,1.000000;;
     }

     Frame Bip01_DressBackNub {
      

      FrameTransformMatrix {
       0.000796,-0.000003,1.000000,0.000000,-0.000006,-1.000000,-0.000003,0.000000,1.000000,-0.000006,-0.000796,0.000000,0.136508,-0.000000,0.000000,1.000000;;
      }
     }
    }
   }
  }

  Frame Bip01_Prop1 {
   

   FrameTransformMatrix {
    -0.274555,-0.108556,0.955424,0.000000,0.076752,0.987963,0.134309,0.000000,-0.958503,0.110206,-0.262918,0.000000,0.211319,-0.145217,0.091870,1.000000;;
   }
  }

  Frame Bip01_Prop2 {
   

   FrameTransformMatrix {
    -0.138835,-0.981473,-0.132044,0.000000,0.970782,-0.161233,0.177726,0.000000,-0.195723,-0.103511,0.975181,0.000000,0.193137,-0.414548,0.012781,1.000000;;
   }
  }
 }

 Mesh Mesh {
  617;
  0.011954;0.325922;0.041750;,
  0.005084;0.310110;0.071193;,
  -0.019218;0.326468;0.055049;,
  -0.016937;0.296569;0.077500;,
  -0.052502;0.324969;0.069492;,
  -0.048139;0.279403;0.062802;,
  -0.086079;0.317410;0.073496;,
  -0.083461;0.275470;0.049945;,
  0.024978;0.289329;0.029991;,
  0.036040;0.316202;0.007988;,
  0.010911;0.267102;-0.004599;,
  0.017265;0.294876;-0.021200;,
  -0.243462;0.306676;-0.062135;,
  -0.237119;0.269647;-0.031951;,
  -0.224435;0.304846;-0.058860;,
  -0.220775;0.275375;-0.031662;,
  -0.241588;0.277714;0.010293;,
  -0.209389;0.289724;0.020410;,
  -0.258464;0.331163;0.046650;,
  -0.205872;0.322497;0.044941;,
  -0.255072;0.300427;0.041227;,
  -0.046481;0.365356;0.065245;,
  -0.083508;0.371785;0.071078;,
  -0.243022;0.348331;-0.069141;,
  -0.222928;0.346991;-0.066800;,
  -0.105813;0.347998;-0.065616;,
  -0.109708;0.297807;-0.052198;,
  -0.067613;0.344808;-0.066912;,
  -0.070843;0.289733;-0.052186;,
  -0.399589;0.320369;0.081288;,
  -0.302152;0.320298;0.060300;,
  -0.408372;0.278118;0.061458;,
  -0.312816;0.279837;0.031574;,
  -0.498151;0.326735;0.102278;,
  -0.501288;0.290394;0.065085;,
  -0.343851;0.351070;-0.046588;,
  -0.305702;0.363550;0.029577;,
  -0.420048;0.342626;-0.023602;,
  -0.404094;0.362613;0.047933;,
  -0.499006;0.336055;0.017882;,
  -0.500786;0.346706;0.057804;,
  -0.343360;0.276461;-0.021817;,
  -0.420748;0.265958;-0.000946;,
  -0.497513;0.296043;0.025706;,
  -0.737679;0.351905;-0.044692;,
  -0.749443;0.309157;-0.052390;,
  -0.711326;0.342789;-0.084764;,
  -0.721994;0.309825;-0.088593;,
  -0.626870;0.318505;0.043397;,
  -0.556276;0.319867;0.065880;,
  -0.621734;0.284503;0.021080;,
  -0.550646;0.283715;0.044055;,
  -0.704916;0.313647;0.017620;,
  -0.697548;0.289854;-0.006548;,
  -0.537460;0.344967;-0.015373;,
  -0.566414;0.355735;0.031022;,
  -0.602372;0.338146;-0.024241;,
  -0.621807;0.342926;0.013621;,
  -0.675586;0.317303;-0.026439;,
  -0.695902;0.327468;-0.006172;,
  -0.531981;0.274358;-0.000761;,
  -0.605450;0.277141;-0.013071;,
  -0.674229;0.293304;-0.022308;,
  -0.271290;0.275299;0.013259;,
  -0.295159;0.377210;0.046402;,
  -0.258430;0.374260;0.051739;,
  -0.305702;0.363550;0.029577;,
  -0.290434;0.265546;-0.036960;,
  -0.292508;0.310601;-0.069328;,
  -0.333629;0.276288;-0.026697;,
  -0.332487;0.317256;-0.056471;,
  -0.158884;0.302738;-0.052216;,
  -0.114544;0.270258;-0.029117;,
  -0.113104;0.278755;0.041909;,
  -0.111759;0.262156;-0.009778;,
  -0.161029;0.293148;0.026533;,
  -0.160847;0.276199;-0.021335;,
  -0.116895;0.319366;0.070405;,
  -0.165871;0.321224;0.050460;,
  -0.169281;0.370133;0.045546;,
  -0.114054;0.373994;0.066782;,
  0.043299;0.312352;0.093551;,
  0.052512;0.260958;0.106566;,
  0.050147;0.255424;0.156852;,
  0.045090;0.315095;0.154923;,
  0.018126;0.305812;0.203040;,
  0.025436;0.258068;0.206331;,
  -0.020751;0.309667;0.155879;,
  -0.016440;0.308807;0.104978;,
  0.045090;0.315095;0.154923;,
  0.003169;0.309748;0.222439;,
  0.018126;0.305812;0.203040;,
  -0.013240;0.256224;0.108261;,
  -0.023311;0.299805;0.104566;,
  -0.015771;0.249865;0.157517;,
  0.010733;0.262218;0.225926;,
  0.024250;0.251089;0.106508;,
  0.007126;0.306265;0.169058;,
  0.016866;0.250309;0.177688;,
  0.052713;0.302083;0.129229;,
  0.056882;0.266308;0.136310;,
  0.086956;0.304675;0.102834;,
  0.093447;0.279063;0.103971;,
  0.042541;0.320554;0.217943;,
  0.007126;0.306265;0.169058;,
  0.088591;0.307072;0.173521;,
  0.052713;0.302083;0.129229;,
  0.110266;0.304826;0.134318;,
  0.086956;0.304675;0.102834;,
  0.052155;0.264882;0.226230;,
  0.091347;0.279546;0.178891;,
  0.117333;0.287510;0.131911;,
  0.194065;0.318144;0.039842;,
  0.208134;0.301791;0.035538;,
  0.200576;0.325215;0.087025;,
  0.214242;0.309031;0.082285;,
  0.162784;0.307336;0.038364;,
  0.152242;0.309985;0.035596;,
  0.161503;0.296419;0.038857;,
  0.149128;0.299616;0.031252;,
  0.169154;0.311195;0.107901;,
  0.135037;0.319557;0.120632;,
  0.142077;0.299324;0.064184;,
  0.114173;0.316645;0.075595;,
  0.137941;0.281951;0.123606;,
  0.178022;0.293495;0.105419;,
  0.151367;0.281718;0.063755;,
  0.115392;0.277859;0.076950;,
  0.049624;0.291832;0.079399;,
  0.047287;0.275006;0.055003;,
  0.024978;0.289329;0.029991;,
  0.027525;0.306826;0.052160;,
  -0.072052;0.256772;-0.028240;,
  0.025219;0.312204;0.034230;,
  0.005084;0.310110;0.071193;,
  0.031542;0.301405;0.093848;,
  -0.016937;0.296569;0.077500;,
  0.022140;0.288857;0.094163;,
  -0.034562;0.285674;-0.042786;,
  -0.031912;0.254108;-0.007534;,
  -0.028026;0.252533;-0.001516;,
  0.017490;0.342148;-0.024522;,
  -0.033041;0.342016;-0.056978;,
  0.010911;0.267102;-0.004599;,
  -0.028026;0.252533;-0.001516;,
  -0.031367;0.253203;0.012304;,
  -0.046315;0.274746;0.043540;,
  0.043299;0.312352;0.093551;,
  -0.078756;0.260980;0.003108;,
  -0.085059;0.274529;0.035186;,
  -0.048139;0.279403;0.062802;,
  -0.074709;0.252544;-0.011112;,
  0.114173;0.316645;0.075595;,
  0.066954;0.327726;0.021201;,
  0.057712;0.318599;0.039671;,
  0.041766;0.343576;-0.001253;,
  0.070330;0.353030;0.013925;,
  0.151367;0.281718;0.063755;,
  0.214242;0.309031;0.082285;,
  0.208134;0.301791;0.035538;,
  0.137427;0.317096;0.046917;,
  0.135165;0.291595;0.042971;,
  0.137427;0.317096;0.046917;,
  0.152147;0.309688;0.053643;,
  0.148415;0.286217;0.060043;,
  0.148415;0.286217;0.060043;,
  0.152242;0.309985;0.035596;,
  0.149128;0.299616;0.031252;,
  0.161503;0.296419;0.038857;,
  -0.793746;0.337009;0.054030;,
  -0.779280;0.303005;0.021664;,
  -0.812419;0.342153;0.049118;,
  -0.801540;0.305081;0.014517;,
  -0.711326;0.342789;-0.084764;,
  -0.690995;0.336833;-0.056578;,
  -0.737679;0.351905;-0.044692;,
  -0.719796;0.345648;-0.028193;,
  -0.674229;0.293304;-0.022308;,
  -0.675586;0.317303;-0.026439;,
  -0.701518;0.296618;-0.059223;,
  -0.721994;0.309825;-0.088593;,
  -0.749443;0.309157;-0.052390;,
  -0.724707;0.297399;-0.030514;,
  -0.704916;0.313647;0.017620;,
  -0.697548;0.289854;-0.006548;,
  -0.795849;0.374339;0.044680;,
  -0.781728;0.363090;0.046989;,
  -0.801540;0.305081;0.014517;,
  -0.795849;0.374339;0.044680;,
  -0.404094;0.362613;0.047933;,
  -0.500786;0.346706;0.057804;,
  -0.566414;0.355735;0.031022;,
  -0.621807;0.342926;0.013621;,
  -0.695902;0.327468;-0.006172;,
  -0.695902;0.327468;-0.006172;,
  -0.320095;0.370877;0.001214;,
  0.055066;0.311874;0.068933;,
  0.066207;0.309187;0.050789;,
  0.046933;0.319264;0.066637;,
  0.047455;0.325881;0.053705;,
  0.088088;0.326311;0.036437;,
  0.100610;0.340898;0.021842;,
  0.180913;0.381359;0.116177;,
  0.182269;0.361728;0.111574;,
  0.161974;0.372116;0.137319;,
  0.139288;0.334006;0.133235;,
  0.112059;0.322366;0.130803;,
  0.104400;0.336571;0.139307;,
  0.094123;0.311108;0.055679;,
  0.074366;0.309939;0.077891;,
  0.131372;0.321862;0.051132;,
  0.078615;0.315279;0.046570;,
  0.166163;0.325488;0.093102;,
  0.134360;0.318201;0.075209;,
  0.154039;0.326783;0.118231;,
  0.121621;0.314838;0.099060;,
  0.148881;0.345999;0.023428;,
  0.138690;0.329056;0.037825;,
  0.181661;0.393113;0.047710;,
  0.141815;0.385888;0.019609;,
  0.186312;0.359154;0.051323;,
  0.085893;0.316603;0.112591;,
  0.101277;0.309692;0.090390;,
  0.058975;0.313349;0.088978;,
  0.029011;0.318905;0.093896;,
  0.017630;0.334322;0.104541;,
  0.021738;0.338958;0.084327;,
  0.158241;0.344600;0.132303;,
  0.178541;0.340970;0.104606;,
  0.182808;0.339692;0.065535;,
  0.192380;0.354157;0.081691;,
  0.192168;0.390540;0.081710;,
  0.194345;0.373193;0.080372;,
  0.103289;0.374680;0.017518;,
  0.182808;0.339692;0.065535;,
  0.192380;0.354157;0.081691;,
  0.131256;0.305914;0.046928;,
  0.098193;0.305628;0.056178;,
  0.144907;0.312869;0.061721;,
  0.124396;0.314307;0.061307;,
  0.131256;0.305914;0.046928;,
  0.098193;0.305628;0.056178;,
  0.144907;0.312869;0.061721;,
  0.110386;0.310807;0.073217;,
  0.134360;0.318201;0.075209;,
  0.094123;0.311108;0.055679;,
  0.106199;0.321733;0.120122;,
  0.110386;0.310807;0.073217;,
  0.025219;0.312204;0.034230;,
  0.057712;0.318599;0.039671;,
  0.027525;0.306826;0.052160;,
  0.088088;0.326311;0.036437;,
  -0.020907;0.361075;0.057333;,
  0.002432;0.357866;0.054017;,
  -0.203767;0.365755;0.040305;,
  -0.290495;0.352009;-0.076713;,
  -0.322545;0.357688;-0.065887;,
  -0.338994;0.361324;-0.056423;,
  0.025089;0.351128;0.068213;,
  -0.320095;0.370877;0.001214;,
  0.192168;0.390540;0.081710;,
  0.194345;0.373193;0.080372;,
  0.056664;0.323979;0.109170;,
  0.073465;0.334436;0.124342;,
  0.064593;0.332073;0.121356;,
  0.149883;0.367093;0.145599;,
  0.126223;0.359157;0.150566;,
  0.098175;0.338794;0.128092;,
  -0.157900;0.348870;-0.063271;,
  0.027525;0.306826;0.052160;,
  -0.812419;0.342153;0.049118;,
  0.050517;0.323149;0.106879;,
  0.044553;0.328284;0.113906;,
  0.049907;0.330381;0.112156;,
  0.063958;0.342378;0.139252;,
  0.058692;0.342739;0.127727;,
  0.052125;0.330335;0.117966;,
  0.038922;0.338477;0.117806;,
  0.046729;0.341361;0.114594;,
  0.096742;0.350775;0.147812;,
  0.089178;0.349633;0.141111;,
  -0.031367;0.253203;0.012304;,
  0.047936;0.340259;0.123289;,
  -0.043527;0.275769;0.026230;,
  -0.046315;0.274746;0.043540;,
  -0.048139;0.279403;0.062802;,
  0.138690;0.329056;0.037825;,
  -0.509196;0.305355;0.123032;,
  -0.556276;0.319867;0.065880;,
  -0.581725;0.285887;0.118788;,
  -0.626870;0.318505;0.043397;,
  -0.453462;0.320032;0.122152;,
  -0.498151;0.326735;0.102278;,
  -0.375371;0.345775;0.088832;,
  -0.399589;0.320369;0.081288;,
  -0.299550;0.364193;0.062264;,
  -0.302152;0.320298;0.060300;,
  -0.258464;0.331163;0.046650;,
  -0.704916;0.313647;0.017620;,
  -0.650974;0.276836;0.119226;,
  -0.670064;0.335395;-0.065127;,
  -0.602318;0.338687;-0.047133;,
  -0.651459;0.374797;0.016800;,
  -0.579567;0.373542;0.026580;,
  -0.535563;0.338152;-0.028186;,
  -0.512569;0.363254;0.038003;,
  -0.499440;0.337785;-0.012504;,
  -0.452979;0.366031;0.054040;,
  -0.422516;0.341037;-0.038273;,
  -0.402158;0.365061;-0.013313;,
  -0.347720;0.366258;-0.056584;,
  -0.043527;0.275769;0.026230;,
  -0.019262;0.436200;0.038140;,
  -0.000088;0.424027;0.039009;,
  -0.011916;0.391591;0.043417;,
  0.018113;0.380849;0.031939;,
  -0.068554;0.452951;0.017496;,
  -0.032026;0.444290;0.030932;,
  -0.077198;0.423149;0.054163;,
  -0.043523;0.405049;0.055188;,
  0.027548;0.386579;-0.037580;,
  0.042411;0.373021;-0.002162;,
  0.025427;0.421319;-0.035979;,
  0.026820;0.420297;-0.003081;,
  -0.208169;0.424851;-0.061553;,
  -0.219332;0.432158;-0.064542;,
  -0.217370;0.388622;-0.075613;,
  -0.234493;0.388616;-0.078568;,
  -0.197655;0.428861;-0.007414;,
  -0.223615;0.441924;-0.022639;,
  -0.198721;0.407297;0.027984;,
  -0.239711;0.436095;0.013478;,
  -0.249710;0.411148;0.030609;,
  -0.222928;0.346991;-0.066800;,
  -0.243022;0.348331;-0.069141;,
  -0.061471;0.401318;-0.072587;,
  -0.104790;0.399803;-0.071392;,
  -0.067613;0.344808;-0.066912;,
  -0.105813;0.347998;-0.065616;,
  -0.293869;0.444000;0.021062;,
  -0.266289;0.412348;0.044872;,
  -0.361876;0.418298;0.098470;,
  -0.333258;0.382405;0.110641;,
  -0.434762;0.381787;0.144658;,
  -0.411155;0.350387;0.175912;,
  -0.339879;0.337173;0.081873;,
  -0.264885;0.360944;0.019988;,
  -0.391452;0.344242;0.026541;,
  -0.337452;0.362296;-0.037678;,
  -0.421747;0.327151;0.136356;,
  -0.435209;0.334817;0.100375;,
  -0.404035;0.419836;0.049322;,
  -0.338737;0.435430;-0.020795;,
  -0.442058;0.374290;0.108066;,
  -0.661480;0.348792;0.029491;,
  -0.681423;0.350684;0.070274;,
  -0.666873;0.314777;0.024111;,
  -0.689944;0.306671;0.066365;,
  -0.486337;0.376341;0.131437;,
  -0.480079;0.340411;0.153457;,
  -0.557848;0.358450;0.119265;,
  -0.551546;0.324737;0.141722;,
  -0.629559;0.334588;0.104253;,
  -0.632686;0.311235;0.127575;,
  -0.545339;0.301456;0.111258;,
  -0.486548;0.302334;0.120099;,
  -0.533343;0.309716;0.070984;,
  -0.468059;0.318428;0.070040;,
  -0.637710;0.299516;0.098717;,
  -0.611952;0.307685;0.078629;,
  -0.548939;0.368576;0.083157;,
  -0.477173;0.388702;0.084452;,
  -0.609818;0.330993;0.084416;,
  -0.252015;0.451409;-0.022059;,
  -0.264885;0.360944;0.019988;,
  -0.283540;0.392542;-0.085761;,
  -0.270789;0.445035;-0.072956;,
  -0.328697;0.396128;-0.063071;,
  -0.324950;0.440784;-0.041360;,
  -0.106634;0.434314;-0.059988;,
  -0.155969;0.395774;-0.070157;,
  -0.155969;0.431917;-0.051364;,
  -0.102764;0.448718;-0.044884;,
  -0.156618;0.433939;-0.000617;,
  -0.104721;0.452632;0.009190;,
  -0.162868;0.417068;0.031978;,
  -0.111755;0.425953;0.050348;,
  -0.054673;0.422598;0.072533;,
  -0.011856;0.428135;0.046056;,
  -0.019823;0.412346;-0.004766;,
  -0.101175;0.421983;0.084725;,
  -0.114913;0.402518;0.042455;,
  -0.073097;0.396844;0.021668;,
  -0.073097;0.396844;0.021668;,
  -0.052386;0.461735;-0.019324;,
  -0.098451;0.454444;0.001546;,
  -0.114913;0.402518;0.042455;,
  -0.148998;0.432194;0.037301;,
  -0.052031;0.472146;-0.014861;,
  -0.079766;0.480388;0.052354;,
  -0.038020;0.485155;0.025745;,
  -0.135481;0.451478;0.079548;,
  -0.020049;0.456794;0.043278;,
  -0.083784;0.353737;0.099031;,
  -0.085794;0.412473;0.088286;,
  -0.093117;0.335909;0.068331;,
  -0.100513;0.388152;0.038364;,
  -0.085512;0.304915;0.109769;,
  -0.091221;0.293777;0.089993;,
  -0.093117;0.335909;0.068331;,
  -0.100513;0.388152;0.038364;,
  -0.145828;0.343343;0.089315;,
  -0.161663;0.394330;0.052754;,
  -0.091221;0.293777;0.089993;,
  -0.127226;0.298111;0.105946;,
  -0.138358;0.357270;0.112645;,
  -0.146923;0.418578;0.102339;,
  -0.121830;0.305796;0.120068;,
  -0.077574;0.299993;0.219545;,
  -0.030787;0.307605;0.214251;,
  -0.081312;0.281714;0.208451;,
  -0.034066;0.289109;0.202805;,
  -0.023926;0.300546;0.155874;,
  -0.028156;0.290671;0.160424;,
  -0.032151;0.305425;0.167266;,
  -0.031455;0.294869;0.170289;,
  -0.066244;0.276856;0.122318;,
  -0.112085;0.275903;0.141547;,
  -0.056508;0.298714;0.147544;,
  -0.101095;0.289941;0.174381;,
  -0.099435;0.308888;0.180409;,
  -0.116083;0.313385;0.138300;,
  -0.068577;0.315287;0.117287;,
  -0.056914;0.317573;0.153920;,
  0.027822;0.447937;-0.006383;,
  0.026402;0.455271;0.022533;,
  0.021734;0.418738;0.021025;,
  0.026820;0.420297;-0.003081;,
  -0.056627;0.440424;-0.061817;,
  0.033716;0.387978;0.020695;,
  -0.011785;0.445893;0.027825;,
  0.007024;0.452023;0.040806;,
  -0.019262;0.436200;0.038140;,
  -0.000088;0.424027;0.039009;,
  -0.009269;0.447991;-0.045388;,
  -0.012971;0.444953;-0.049840;,
  -0.021884;0.398737;-0.062982;,
  -0.033041;0.342016;-0.056978;,
  0.017490;0.342148;-0.024522;,
  0.025427;0.421319;-0.035979;,
  -0.009269;0.447991;-0.045388;,
  -0.019823;0.412346;-0.004766;,
  -0.036472;0.441302;0.003425;,
  -0.018408;0.449994;-0.037570;,
  -0.070422;0.448812;0.003322;,
  -0.062980;0.448821;-0.031235;,
  -0.032026;0.444290;0.030932;,
  -0.058053;0.450862;-0.047371;,
  -0.066244;0.276856;0.122318;,
  0.052971;0.386447;0.037948;,
  0.063446;0.377920;0.019926;,
  0.070330;0.353030;0.013925;,
  0.041766;0.343576;-0.001253;,
  -0.056914;0.317573;0.153920;,
  -0.030787;0.307605;0.214251;,
  -0.077574;0.299993;0.219545;,
  -0.035197;0.305894;0.140352;,
  -0.038631;0.280963;0.146486;,
  -0.046183;0.290397;0.159556;,
  -0.038631;0.280963;0.146486;,
  -0.052968;0.312774;0.151877;,
  -0.052968;0.312774;0.151877;,
  -0.023926;0.300546;0.155874;,
  -0.028156;0.290671;0.160424;,
  -0.032151;0.305425;0.167266;,
  -0.718179;0.357204;0.146522;,
  -0.696841;0.347693;0.148794;,
  -0.741108;0.320014;0.174465;,
  -0.721757;0.315276;0.176024;,
  -0.669523;0.299973;0.079375;,
  -0.643169;0.303516;0.047661;,
  -0.689944;0.306671;0.066365;,
  -0.666873;0.314777;0.024111;,
  -0.611952;0.307685;0.078629;,
  -0.634175;0.343404;0.055601;,
  -0.609818;0.330993;0.084416;,
  -0.651847;0.344366;0.087994;,
  -0.681423;0.350684;0.070274;,
  -0.661480;0.348792;0.029491;,
  -0.629559;0.334588;0.104253;,
  -0.632686;0.311235;0.127575;,
  -0.723966;0.289692;0.161365;,
  -0.741839;0.286525;0.160042;,
  -0.741839;0.286525;0.160042;,
  -0.718179;0.357204;0.146522;,
  -0.339879;0.337173;0.081873;,
  -0.421747;0.327151;0.136356;,
  -0.486548;0.302334;0.120099;,
  -0.545339;0.301456;0.111258;,
  -0.637710;0.299516;0.098717;,
  -0.637710;0.299516;0.098717;,
  0.043782;0.378438;0.052370;,
  0.040040;0.396389;0.065473;,
  0.030709;0.373330;0.075741;,
  0.033775;0.382829;0.080882;,
  0.083304;0.398569;0.031554;,
  0.066290;0.398953;0.048669;,
  0.171100;0.398948;0.117842;,
  0.180913;0.381359;0.116177;,
  0.094777;0.368641;0.144708;,
  0.092811;0.386509;0.141604;,
  0.122122;0.391212;0.142868;,
  0.049738;0.392012;0.091712;,
  0.064934;0.408382;0.072060;,
  0.053338;0.399515;0.060755;,
  0.101545;0.421262;0.067870;,
  0.093925;0.407133;0.114602;,
  0.104263;0.418501;0.092099;,
  0.129266;0.409340;0.132133;,
  0.136472;0.424434;0.109765;,
  0.110343;0.423526;0.053734;,
  0.126683;0.419974;0.035885;,
  0.141815;0.385888;0.019609;,
  0.167666;0.421290;0.061787;,
  0.181661;0.393113;0.047710;,
  0.039658;0.377727;0.099819;,
  0.073313;0.402884;0.106083;,
  0.066121;0.382495;0.123687;,
  0.017944;0.355787;0.100107;,
  0.143624;0.393313;0.140506;,
  0.172821;0.419340;0.092667;,
  0.156204;0.415408;0.117141;,
  0.155568;0.430470;0.080822;,
  0.184565;0.405786;0.085860;,
  0.192168;0.390540;0.081710;,
  0.103289;0.374680;0.017518;,
  0.155568;0.430470;0.080822;,
  0.172821;0.419340;0.092667;,
  0.092557;0.420410;0.079174;,
  0.065453;0.414735;0.074552;,
  0.109031;0.432425;0.081853;,
  0.092510;0.435037;0.068672;,
  0.065453;0.414735;0.074552;,
  0.092510;0.435037;0.068672;,
  0.109031;0.432425;0.081853;,
  0.104263;0.418501;0.092099;,
  0.080002;0.412064;0.090269;,
  0.064934;0.408382;0.072060;,
  0.086590;0.387080;0.131127;,
  0.080002;0.412064;0.090269;,
  0.052971;0.386447;0.037948;,
  0.033716;0.387978;0.020695;,
  0.021734;0.418738;0.021025;,
  0.066290;0.398953;0.048669;,
  -0.290495;0.352009;-0.076713;,
  -0.322545;0.357688;-0.065887;,
  -0.338994;0.361324;-0.056423;,
  -0.320095;0.370877;0.001214;,
  0.184565;0.405786;0.085860;,
  0.192168;0.390540;0.081710;,
  0.057343;0.356231;0.125425;,
  0.045247;0.362027;0.115577;,
  0.066325;0.358231;0.128349;,
  0.089733;0.366925;0.132829;,
  -0.157900;0.348870;-0.063271;,
  0.021734;0.418738;0.021025;,
  -0.741108;0.320014;0.174465;,
  0.037824;0.350708;0.117682;,
  0.039438;0.360072;0.113097;,
  0.043283;0.352455;0.115873;,
  0.045644;0.351932;0.121602;,
  -0.018408;0.449994;-0.037570;,
  -0.032532;0.435672;-0.013354;,
  -0.036472;0.441302;0.003425;,
  -0.032026;0.444290;0.030932;,
  0.110343;0.423526;0.053734;,
  -0.546169;0.286394;0.169196;,
  -0.470242;0.294080;0.166987;,
  -0.556312;0.282143;0.154971;,
  -0.482265;0.294882;0.147760;,
  -0.407836;0.311333;0.168425;,
  -0.417618;0.298516;0.149097;,
  -0.337389;0.336359;0.106875;,
  -0.354640;0.331309;0.103876;,
  -0.270516;0.365677;0.055650;,
  -0.290012;0.363461;0.063365;,
  -0.249710;0.411148;0.030609;,
  -0.258430;0.374260;0.051739;,
  -0.616041;0.272995;0.175102;,
  -0.619003;0.271372;0.164883;,
  -0.609815;0.330980;0.084412;,
  -0.616562;0.302894;0.041563;,
  -0.548939;0.368576;0.083157;,
  -0.543992;0.318326;0.051874;,
  -0.477173;0.388702;0.084452;,
  -0.472905;0.328399;0.056706;,
  -0.444199;0.331668;0.069527;,
  -0.442058;0.374290;0.108066;,
  -0.404035;0.419836;0.049322;,
  -0.402851;0.343136;0.013306;,
  -0.322545;0.357688;-0.065887;,
  -0.328697;0.396128;-0.063071;,
  -0.032532;0.435672;-0.013354;,
  -0.266289;0.412348;0.044872;,
  -0.333258;0.382405;0.110641;,
  -0.411155;0.350387;0.175912;,
  -0.480079;0.340411;0.153457;,
  -0.551546;0.324737;0.141722;,
  -0.632686;0.311235;0.127575;,
  -0.420748;0.265958;-0.000946;,
  -0.343360;0.276461;-0.021817;,
  -0.332487;0.317256;-0.056471;,
  -0.497513;0.296043;0.025706;,
  -0.531981;0.274358;-0.000761;,
  -0.605450;0.277141;-0.013071;,
  -0.674229;0.293304;-0.022308;,
  -0.338737;0.435430;-0.020795;;
  916;
  3;0,2,1;,
  3;3,1,2;,
  3;4,6,5;,
  3;7,5,6;,
  3;8,10,9;,
  3;11,9,10;,
  3;12,14,13;,
  3;15,13,14;,
  3;16,13,17;,
  3;15,17,13;,
  3;18,20,19;,
  3;17,19,20;,
  3;21,22,4;,
  3;6,4,22;,
  3;23,24,12;,
  3;14,12,24;,
  3;25,27,26;,
  3;28,26,27;,
  3;29,31,30;,
  3;32,30,31;,
  3;29,33,31;,
  3;34,31,33;,
  3;35,37,36;,
  3;38,36,37;,
  3;37,39,38;,
  3;40,38,39;,
  3;41,42,35;,
  3;37,35,42;,
  3;42,43,37;,
  3;39,37,43;,
  3;32,31,41;,
  3;42,41,31;,
  3;31,34,42;,
  3;43,42,34;,
  3;44,46,45;,
  3;47,45,46;,
  3;48,50,49;,
  3;51,49,50;,
  3;52,53,48;,
  3;50,48,53;,
  3;54,56,55;,
  3;57,55,56;,
  3;56,58,57;,
  3;59,57,58;,
  3;60,61,54;,
  3;56,54,61;,
  3;61,62,56;,
  3;58,56,62;,
  3;51,50,60;,
  3;61,60,50;,
  3;50,53,61;,
  3;62,61,53;,
  3;63,20,32;,
  3;30,32,20;,
  3;64,66,65;,
  3;18,65,66;,
  3;13,67,12;,
  3;68,12,67;,
  3;67,69,68;,
  3;70,68,69;,
  3;69,41,70;,
  3;35,70,41;,
  3;51,34,49;,
  3;33,49,34;,
  3;60,43,51;,
  3;34,51,43;,
  3;60,54,43;,
  3;39,43,54;,
  3;54,55,39;,
  3;40,39,55;,
  3;16,63,13;,
  3;67,13,63;,
  3;63,32,67;,
  3;69,67,32;,
  3;32,41,69;,
  3;26,72,71;,
  3;73,75,74;,
  3;76,74,75;,
  3;73,77,75;,
  3;78,75,77;,
  3;79,78,80;,
  3;77,80,78;,
  3;81,83,82;,
  3;84,85,83;,
  3;86,83,85;,
  3;87,89,88;,
  3;87,90,89;,
  3;91,89,90;,
  3;92,94,93;,
  3;94,87,93;,
  3;87,88,93;,
  3;94,95,87;,
  3;90,87,95;,
  3;83,94,96;,
  3;83,86,94;,
  3;95,94,86;,
  3;97,99,98;,
  3;100,98,99;,
  3;99,101,100;,
  3;102,100,101;,
  3;103,105,104;,
  3;106,104,105;,
  3;105,107,106;,
  3;108,106,107;,
  3;109,110,103;,
  3;105,103,110;,
  3;110,111,105;,
  3;107,105,111;,
  3;98,100,109;,
  3;110,109,100;,
  3;100,102,110;,
  3;111,110,102;,
  3;112,114,113;,
  3;115,113,114;,
  3;116,118,117;,
  3;119,117,118;,
  3;120,122,121;,
  3;123,121,122;,
  3;124,125,121;,
  3;120,121,125;,
  3;126,125,127;,
  3;124,127,125;,
  3;86,98,95;,
  3;109,95,98;,
  3;85,97,86;,
  3;98,86,97;,
  3;103,104,90;,
  3;91,90,104;,
  3;90,95,103;,
  3;109,103,95;,
  3;128,96,129;,
  3;92,129,96;,
  3;129,130,128;,
  3;131,128,130;,
  3;26,28,72;,
  3;132,72,28;,
  3;9,133,8;,
  3;134,136,135;,
  3;137,135,136;,
  3;135,137,82;,
  3;138,11,139;,
  3;11,10,139;,
  3;10,140,139;,
  3;141,11,142;,
  3;138,142,11;,
  3;143,130,129;,
  3;93,144,92;,
  3;144,143,92;,
  3;143,129,92;,
  3;145,88,146;,
  3;147,146,88;,
  3;74,148,73;,
  3;149,73,148;,
  3;146,147,150;,
  3;73,149,7;,
  3;74,151,148;,
  3;101,152,102;,
  3;127,102,152;,
  3;127,124,102;,
  3;111,102,124;,
  3;124,121,111;,
  3;107,111,121;,
  3;123,108,121;,
  3;107,121,108;,
  3;153,154,9;,
  3;133,9,154;,
  3;9,155,153;,
  3;156,153,155;,
  3;114,112,120;,
  3;122,120,112;,
  3;112,113,122;,
  3;157,122,113;,
  3;158,125,159;,
  3;126,159,125;,
  3;114,120,158;,
  3;125,158,120;,
  3;152,160,127;,
  3;161,127,160;,
  3;123,122,162;,
  3;163,162,122;,
  3;157,164,122;,
  3;163,122,164;,
  3;126,127,165;,
  3;161,165,127;,
  3;160,166,161;,
  3;167,161,166;,
  3;163,116,162;,
  3;117,162,116;,
  3;164,118,163;,
  3;116,163,118;,
  3;161,167,165;,
  3;168,165,167;,
  3;169,171,170;,
  3;172,170,171;,
  3;173,175,174;,
  3;176,174,175;,
  3;177,179,178;,
  3;174,178,179;,
  3;180,179,181;,
  3;182,181,179;,
  3;169,170,183;,
  3;184,183,170;,
  3;185,186,175;,
  3;176,175,186;,
  3;45,187,44;,
  3;188,44,187;,
  3;182,170,181;,
  3;172,181,170;,
  3;66,30,18;,
  3;18,30,20;,
  3;189,29,30;,
  3;189,190,29;,
  3;33,29,190;,
  3;190,191,33;,
  3;49,33,191;,
  3;192,48,191;,
  3;49,191,48;,
  3;193,52,192;,
  3;48,192,52;,
  3;186,169,194;,
  3;183,194,169;,
  3;186,185,169;,
  3;171,169,185;,
  3;194,176,186;,
  3;178,174,194;,
  3;176,194,174;,
  3;180,173,179;,
  3;174,179,173;,
  3;184,182,177;,
  3;179,177,182;,
  3;184,170,182;,
  3;20,16,17;,
  3;20,63,16;,
  3;64,195,66;,
  3;196,198,197;,
  3;199,197,198;,
  3;154,153,200;,
  3;201,200,153;,
  3;202,204,203;,
  3;205,207,206;,
  3;208,209,197;,
  3;196,197,209;,
  3;210,208,211;,
  3;197,211,208;,
  3;212,214,213;,
  3;215,213,214;,
  3;210,212,213;,
  3;216,217,201;,
  3;200,201,217;,
  3;218,220,219;,
  3;216,219,220;,
  3;197,199,211;,
  3;205,206,214;,
  3;221,223,222;,
  3;224,198,196;,
  3;225,226,224;,
  3;198,224,226;,
  3;205,214,227;,
  3;212,229,228;,
  3;230,228,229;,
  3;231,232,218;,
  3;212,228,214;,
  3;233,201,156;,
  3;153,156,201;,
  3;219,216,233;,
  3;201,233,216;,
  3;234,216,220;,
  3;234,220,235;,
  3;236,238,237;,
  3;239,237,238;,
  3;210,240,208;,
  3;241,208,240;,
  3;213,242,210;,
  3;240,210,242;,
  3;243,239,244;,
  3;238,244,239;,
  3;245,237,243;,
  3;239,243,237;,
  3;221,222,246;,
  3;215,246,222;,
  3;247,213,222;,
  3;215,222,213;,
  3;0,248,199;,
  3;249,199,248;,
  3;250,8,133;,
  3;251,211,249;,
  3;199,249,211;,
  3;251,210,211;,
  3;252,2,253;,
  3;0,253,2;,
  3;19,254,18;,
  3;65,18,254;,
  3;12,68,23;,
  3;255,23,68;,
  3;70,256,68;,
  3;255,68,256;,
  3;70,35,256;,
  3;257,256,35;,
  3;253,0,258;,
  3;199,258,0;,
  3;35,259,257;,
  3;36,259,35;,
  3;260,202,261;,
  3;203,261,202;,
  3;221,263,262;,
  3;264,262,263;,
  3;226,258,198;,
  3;199,198,258;,
  3;227,204,265;,
  3;266,205,265;,
  3;227,265,205;,
  3;246,267,221;,
  3;263,221,267;,
  3;147,88,89;,
  3;84,83,81;,
  3;19,17,78;,
  3;75,78,17;,
  3;17,15,75;,
  3;76,75,15;,
  3;14,71,15;,
  3;76,15,71;,
  3;24,268,14;,
  3;71,14,268;,
  3;0,269,248;,
  3;1,269,0;,
  3;135,128,134;,
  3;131,134,128;,
  3;82,96,135;,
  3;128,135,96;,
  3;82,83,96;,
  3;92,96,94;,
  3;66,189,30;,
  3;246,215,206;,
  3;246,206,267;,
  3;207,267,206;,
  3;215,214,206;,
  3;270,188,187;,
  3;271,272,224;,
  3;209,222,223;,
  3;196,223,224;,
  3;262,273,271;,
  3;272,271,273;,
  3;274,275,263;,
  3;262,276,273;,
  3;277,272,278;,
  3;273,278,272;,
  3;262,271,223;,
  3;224,223,271;,
  3;196,209,223;,
  3;247,222,208;,
  3;209,208,222;,
  3;262,223,221;,
  3;279,207,266;,
  3;205,266,207;,
  3;279,280,207;,
  3;267,207,280;,
  3;274,263,280;,
  3;267,280,263;,
  3;276,262,264;,
  3;72,74,76;,
  3;140,281,139;,
  3;72,132,74;,
  3;151,74,132;,
  3;76,71,72;,
  3;277,225,272;,
  3;9,11,155;,
  3;282,278,276;,
  3;273,276,278;,
  3;282,276,275;,
  3;264,275,276;,
  3;27,142,28;,
  3;138,28,142;,
  3;139,132,138;,
  3;28,138,132;,
  3;139,281,132;,
  3;151,132,281;,
  3;283,148,281;,
  3;151,281,148;,
  3;284,149,283;,
  3;148,283,149;,
  3;149,284,7;,
  3;5,7,284;,
  3;22,80,6;,
  3;77,6,80;,
  3;73,7,77;,
  3;6,77,7;,
  3;5,3,4;,
  3;2,4,3;,
  3;81,137,285;,
  3;136,285,137;,
  3;81,82,137;,
  3;88,145,93;,
  3;144,93,145;,
  3;252,21,2;,
  3;4,2,21;,
  3;229,212,286;,
  3;286,210,251;,
  3;210,286,212;,
  3;217,216,234;,
  3;228,203,227;,
  3;228,230,203;,
  3;261,203,230;,
  3;235,220,232;,
  3;227,214,228;,
  3;26,71,25;,
  3;268,25,71;,
  3;11,141,155;,
  3;78,79,19;,
  3;254,19,79;,
  3;225,224,272;,
  3;264,263,275;,
  3;204,227,203;,
  3;220,218,232;,
  3;287,289,288;,
  3;290,288,289;,
  3;291,287,292;,
  3;288,292,287;,
  3;293,291,294;,
  3;292,294,291;,
  3;295,293,296;,
  3;294,296,293;,
  3;296,297,295;,
  3;298,290,299;,
  3;289,299,290;,
  3;300,302,301;,
  3;303,301,302;,
  3;304,301,305;,
  3;303,305,301;,
  3;306,304,307;,
  3;305,307,304;,
  3;306,307,308;,
  3;309,308,307;,
  3;309,310,308;,
  3;311,145,146;,
  3;312,314,313;,
  3;315,313,314;,
  3;316,318,317;,
  3;319,317,318;,
  3;320,322,321;,
  3;323,321,322;,
  3;324,326,325;,
  3;327,325,326;,
  3;324,325,328;,
  3;329,328,325;,
  3;328,331,330;,
  3;332,330,331;,
  3;318,22,319;,
  3;21,319,22;,
  3;326,333,327;,
  3;334,327,333;,
  3;335,337,336;,
  3;338,336,337;,
  3;339,341,340;,
  3;342,340,341;,
  3;343,344,341;,
  3;342,341,344;,
  3;345,347,346;,
  3;348,346,347;,
  3;349,350,345;,
  3;347,345,350;,
  3;347,351,348;,
  3;352,348,351;,
  3;350,353,347;,
  3;351,347,353;,
  3;351,341,352;,
  3;339,352,341;,
  3;353,343,351;,
  3;341,351,343;,
  3;354,356,355;,
  3;357,355,356;,
  3;358,360,359;,
  3;361,359,360;,
  3;360,362,361;,
  3;363,361,362;,
  3;364,366,365;,
  3;367,365,366;,
  3;368,369,364;,
  3;366,364,369;,
  3;366,370,367;,
  3;371,367,370;,
  3;369,372,366;,
  3;370,366,372;,
  3;370,360,371;,
  3;358,371,360;,
  3;372,362,370;,
  3;360,370,362;,
  3;340,331,339;,
  3;373,339,331;,
  3;332,374,65;,
  3;64,65,374;,
  3;375,376,327;,
  3;325,327,376;,
  3;377,378,375;,
  3;376,375,378;,
  3;348,352,377;,
  3;378,377,352;,
  3;344,343,359;,
  3;358,359,343;,
  3;343,353,358;,
  3;371,358,353;,
  3;350,367,353;,
  3;371,353,367;,
  3;349,365,350;,
  3;367,350,365;,
  3;376,373,325;,
  3;329,325,373;,
  3;378,339,376;,
