xof 0303txt 0032
template XSkinMeshHeader {
 <3cf169ce-ff7c-44ab-93c0-f78f62d172e2>
 WORD nMaxSkinWeightsPerVertex;
 WORD nMaxSkinWeightsPerFace;
 WORD nBones;
}

template VertexDuplicationIndices {
 <b8d65549-d7c9-4995-89cf-53a9a8b031e3>
 DWORD nIndices;
 DWORD nOriginalVertices;
 array DWORD indices[nIndices];
}

template SkinWeights {
 <6f0d123b-bad2-4167-a0d0-80224f25fabb>
 STRING transformNodeName;
 DWORD nWeights;
 array DWORD vertexIndices[nWeights];
 array FLOAT weights[nWeights];
 Matrix4x4 matrixOffset;
}

template AnimTicksPerSecond {
 <9e415a43-7ba6-4a73-8743-b73d47e88476>
 DWORD AnimTicksPerSecond;
}

template VertexElement {
 <f752461c-1e23-48f6-b9f8-8350850f336f>
 DWORD Type;
 DWORD Method;
 DWORD Usage;
 DWORD UsageIndex;
}

template DeclData {
 <bf22e553-292c-4781-9fea-62bd554bdd93>
 DWORD nElements;
 array VertexElement Elements[nElements];
 DWORD nDWords;
 array DWORD data[nDWords];
}


AnimTicksPerSecond {
 4800;
}

Frame Dummy01 {
 

 FrameTransformMatrix {
  -1.000000,-0.000000,0.000000,0.000000,-0.000000,0.000000,1.000000,0.000000,-0.000000,1.000000,-0.000000,0.000000,0.000000,0.000000,0.000000,1.000000;;
 }

 Frame Bip01 {
  

  FrameTransformMatrix {
   -0.255894,0.952849,0.163083,0.000000,0.960798,0.232065,0.151700,0.000000,0.106701,0.195509,-0.974880,0.000000,0.265748,0.000107,0.364706,1.000000;;
  }

  Frame Bip01_Pelvis {
   

   FrameTransformMatrix {
    -0.000000,-1.000000,-0.000001,0.000000,0.000001,0.000001,-1.000000,0.000000,1.000000,-0.000000,0.000001,0.000000,-0.000000,0.000000,0.000000,1.000000;;
   }

   Frame Bip01_Spine {
    

    FrameTransformMatrix {
     0.911356,0.120141,0.393696,0.000000,-0.118443,0.992546,-0.028706,0.000000,-0.394210,-0.020469,0.918793,0.000000,0.051667,0.000002,-0.000078,1.000000;;
    }

    Frame Bip01_Spine1 {
     

     FrameTransformMatrix {
      0.992007,-0.126182,0.000006,0.000000,0.126182,0.992007,-0.000101,0.000000,0.000007,0.000101,1.000000,0.000000,0.106480,0.000000,-0.000085,1.000000;;
     }

     Frame Bip01_Neck {
      

      FrameTransformMatrix {
       0.903366,-0.000001,0.428870,0.000000,0.000001,1.000000,0.000000,0.000000,-0.428870,0.000000,0.903366,0.000000,0.130516,0.000000,0.004628,1.000000;;
      }

      Frame Bip01_Head {
       

       FrameTransformMatrix {
        0.968848,0.218042,-0.117439,0.000000,-0.136713,0.866272,0.480502,0.000000,0.206504,-0.449478,0.869095,0.000000,0.033674,-0.000000,0.000000,1.000000;;
       }

       Frame Bip01_HeadNub {
        

        FrameTransformMatrix {
         1.000000,-0.000000,-0.000000,0.000000,0.000000,1.000000,0.000000,0.000000,0.000000,-0.000000,1.000000,0.000000,0.169824,-0.000000,0.000000,1.000000;;
        }
       }
      }

      Frame Bip01_R_Clavicle {
       

       FrameTransformMatrix {
        0.603865,-0.770228,0.205172,0.000000,-0.704937,-0.395917,0.588484,0.000000,-0.372036,-0.499998,-0.782043,0.000000,-0.023698,-0.015714,0.006128,1.000000;;
       }

       Frame Bip01_R_UpperArm {
        

        FrameTransformMatrix {
         0.611299,0.153539,-0.776363,0.000000,-0.771680,-0.101988,-0.627781,0.000000,-0.175568,0.982865,0.056138,0.000000,0.087086,0.000000,0.000000,1.000000;;
        }

        Frame Bip01_R_Forearm {
         

         FrameTransformMatrix {
          -0.769284,-0.000000,-0.638907,0.000000,-0.000000,1.000000,-0.000000,0.000000,0.638907,-0.000000,-0.769284,0.000000,0.137062,0.000000,-0.000000,1.000000;;
         }

         Frame Bip01_R_Hand {
          

          FrameTransformMatrix {
           0.922677,-0.088353,0.375314,0.000000,0.384326,0.132497,-0.913640,0.000000,0.030995,0.987238,0.156208,0.000000,0.137062,0.000000,-0.000000,1.000000;;
          }

          Frame Bip01_R_Finger0 {
           

           FrameTransformMatrix {
            0.829256,0.514255,0.218807,0.000000,-0.558537,0.749101,0.356210,0.000000,0.019274,-0.417601,0.908427,0.000000,0.057681,0.023605,-0.000272,1.000000;;
           }

           Frame Bip01_R_Finger0Nub {
            

            FrameTransformMatrix {
             1.000000,0.000000,0.000000,0.000000,-0.000000,1.000000,-0.000000,0.000000,-0.000000,0.000000,1.000000,0.000000,0.029435,0.000000,-0.000000,1.000000;;
            }
           }
          }

          Frame Bip01_R_Finger1 {
           

           FrameTransformMatrix {
            0.989590,0.000115,0.143914,0.000000,-0.000000,1.000000,-0.000796,0.000000,-0.143914,0.000788,0.989590,0.000000,0.084102,0.000000,0.000000,1.000000;;
           }

           Frame Bip01_R_Finger1Nub {
            

            FrameTransformMatrix {
             1.000000,0.000000,0.000000,0.000000,-0.000000,1.000000,0.000000,0.000000,-0.000000,-0.000000,1.000000,0.000000,0.047988,0.000000,-0.000000,1.000000;;
            }
           }
          }
         }
        }
       }
      }

      Frame Bip01_L_Clavicle {
       

       FrameTransformMatrix {
        -0.065836,0.989212,0.130865,0.000000,0.901460,0.115195,-0.417253,0.000000,-0.427827,0.090499,-0.899319,0.000000,-0.023698,0.015715,0.006128,1.000000;;
       }

       Frame Bip01_L_UpperArm {
        

        FrameTransformMatrix {
         -0.234852,-0.815014,-0.529713,0.000000,0.243498,0.478251,-0.843791,0.000000,0.941038,-0.327150,0.086136,0.000000,0.087086,-0.000000,-0.000000,1.000000;;
        }

        Frame Bip01_L_Forearm {
         

         FrameTransformMatrix {
          0.160653,-0.000000,-0.987011,0.000000,0.000000,1.000000,-0.000000,0.000000,0.987011,-0.000000,0.160653,0.000000,0.137062,0.000000,0.000000,1.000000;;
         }

         Frame Bip01_L_Hand {
          

          FrameTransformMatrix {
           0.250346,0.966870,-0.049904,0.000000,-0.100875,0.077314,0.991891,0.000000,0.962887,-0.243282,0.116888,0.000000,0.137062,0.000000,-0.000000,1.000000;;
          }

          Frame Bip01_L_Finger0 {
           

           FrameTransformMatrix {
            0.829256,-0.514255,0.218807,0.000000,0.558537,0.749101,-0.356210,0.000000,0.019274,0.417601,0.908427,0.000000,0.057681,-0.023605,-0.000272,1.000000;;
           }

           Frame Bip01_L_Finger0Nub {
            

            FrameTransformMatrix {
             -1.000000,-0.000000,0.000000,0.000000,-0.000000,1.000000,0.000000,0.000000,-0.000000,0.000000,-1.000000,0.000000,0.029435,0.000000,-0.000000,1.000000;;
            }
           }
          }

          Frame Bip01_L_Finger1 {
           

           FrameTransformMatrix {
            0.989590,-0.000115,0.143914,0.000000,0.000000,1.000000,0.000796,0.000000,-0.143914,-0.000788,0.989590,0.000000,0.084102,0.000000,-0.000000,1.000000;;
           }

           Frame Bip01_L_Finger1Nub {
            

            FrameTransformMatrix {
             -1.000000,-0.000000,-0.000000,0.000000,-0.000000,1.000000,0.000000,0.000000,0.000000,0.000000,-1.000000,0.000000,0.047988,-0.000000,0.000000,1.000000;;
            }
           }
          }
         }
        }
       }
      }
     }

     Frame Bip01_BackPack {
      

      FrameTransformMatrix {
       0.175546,0.384528,-0.906268,0.000000,-0.004791,0.920886,0.389802,0.000000,0.984460,-0.064087,0.163500,0.000000,0.063696,0.016688,-0.088855,1.000000;;
      }

      Frame Bip01_BackPackNub {
       

       FrameTransformMatrix {
        0.000796,-0.000003,1.000000,0.000000,0.000004,-1.000000,-0.000003,0.000000,1.000000,0.000004,-0.000796,0.000000,0.053240,0.000000,-0.000000,1.000000;;
       }
      }
     }
    }

    Frame Bip01_R_Thigh {
     

     FrameTransformMatrix {
      -0.934248,0.008669,0.356517,0.000000,-0.013364,-0.999853,-0.010708,0.000000,0.356372,-0.014768,0.934227,0.000000,-0.053691,-0.048698,0.021570,1.000000;;
     }

     Frame Bip01_R_Calf {
      

      FrameTransformMatrix {
       0.855372,0.000000,-0.518014,0.000000,-0.000000,1.000000,-0.000000,0.000000,0.518014,0.000000,0.855372,0.000000,0.237500,-0.000000,0.000000,1.000000;;
      }

      Frame Bip01_R_Foot {
       

       FrameTransformMatrix {
        0.879477,-0.412787,-0.236911,0.000000,0.379889,0.908702,-0.173048,0.000000,0.286714,0.062192,0.955996,0.000000,0.206841,-0.000000,0.000000,1.000000;;
       }

       Frame Bip01_R_Toe0 {
        

        FrameTransformMatrix {
         0.000002,0.000000,1.000000,0.000000,0.000001,1.000000,-0.000000,0.000000,-1.000000,0.000001,0.000002,0.000000,0.065373,-0.000000,0.066450,1.000000;;
        }

        Frame Bip01_R_Toe0Nub {
         

         FrameTransformMatrix {
          -1.000000,-0.000000,-0.000000,0.000000,-0.000000,1.000000,-0.000000,0.000000,0.000000,-0.000000,-1.000000,0.000000,0.006735,-0.000000,0.000000,1.000000;;
         }
        }
       }
      }
     }
    }

    Frame Bip01_L_Thigh {
     

     FrameTransformMatrix {
      -0.631173,-0.383809,0.674027,0.000000,0.129717,-0.908985,-0.396131,0.000000,0.764719,-0.162595,0.623513,0.000000,-0.040421,0.060929,0.019309,1.000000;;
     }

     Frame Bip01_L_Calf {
      

      FrameTransformMatrix {
       0.633764,-0.000000,-0.773526,0.000000,0.000000,1.000000,0.000000,0.000000,0.773526,-0.000000,0.633764,0.000000,0.237500,0.000000,0.000000,1.000000;;
      }

      Frame Bip01_L_Foot {
       

       FrameTransformMatrix {
        0.887758,-0.291686,-0.356097,0.000000,0.343688,0.934641,0.091239,0.000000,0.306210,-0.203384,0.929984,0.000000,0.206841,0.000000,0.000000,1.000000;;
       }

       Frame Bip01_L_Toe0 {
        

        FrameTransformMatrix {
         0.000001,0.000000,1.000000,0.000000,-0.000001,1.000000,0.000000,0.000000,-1.000000,-0.000001,0.000001,0.000000,0.065373,-0.000000,0.066450,1.000000;;
        }

        Frame Bip01_L_Toe0Nub {
         

         FrameTransformMatrix {
          1.000000,0.000000,-0.000000,0.000000,-0.000000,1.000000,0.000000,0.000000,0.000000,-0.000000,1.000000,0.000000,0.006735,0.000000,-0.000000,1.000000;;
         }
        }
       }
      }
     }
    }
   }

   Frame Bip01_DressFront {
    

    FrameTransformMatrix {
     -0.707985,-0.649777,0.276673,0.000000,-0.590021,0.759506,0.273909,0.000000,-0.388114,0.030681,-0.921100,0.000000,-0.038930,-0.013433,0.059039,1.000000;;
    }

    Frame Bip01_DressFront02 {
     

     FrameTransformMatrix {
      0.879319,0.279193,0.385811,0.000000,-0.320001,0.946373,0.044483,0.000000,-0.352701,-0.162574,0.921505,0.000000,0.183371,0.000021,-0.000121,1.000000;;
     }

     Frame Bip01_DressFrontNub {
      

      FrameTransformMatrix {
       0.000796,-0.000003,1.000000,0.000000,-0.000005,-1.000000,-0.000003,0.000000,1.000000,-0.000005,-0.000796,0.000000,0.165302,0.000000,-0.000000,1.000000;;
      }
     }
    }
   }

   Frame Bip01_DressBack {
    

    FrameTransformMatrix {
     -0.879906,-0.155526,0.448973,0.000000,0.104196,0.858754,0.501682,0.000000,-0.463582,0.488214,-0.739418,0.000000,-0.048834,0.009428,-0.074957,1.000000;;
    }

    Frame Bip01_DressBack02 {
     

     FrameTransformMatrix {
      0.669176,-0.305138,0.677566,0.000000,0.740667,0.200089,-0.641386,0.000000,0.060138,0.931051,0.359900,0.000000,0.176152,-0.000101,-0.000039,1.000000;;
     }

     Frame Bip01_DressBackNub {
      

      FrameTransformMatrix {
       0.000796,-0.000003,1.000000,0.000000,0.000005,-1.000000,-0.000003,0.000000,1.000000,0.000005,-0.000796,0.000000,0.136508,0.000000,-0.000000,1.000000;;
      }
     }
    }
   }
  }

  Frame Bip01_Prop1 {
   

   FrameTransformMatrix {
    -0.274555,-0.108556,0.955424,0.000000,0.076752,0.987963,0.134309,0.000000,-0.958503,0.110206,-0.262918,0.000000,0.211319,-0.145217,0.091870,1.000000;;
   }
  }

  Frame Bip01_Prop2 {
   

   FrameTransformMatrix {
    -0.138836,-0.981473,-0.132044,0.000000,0.970782,-0.161234,0.177726,0.000000,-0.195723,-0.103511,0.975181,0.000000,0.193137,-0.414548,0.012781,1.000000;;
   }
  }
 }

 Mesh Mesh {
  617;
  0.011954;0.325922;0.041750;,
  0.005084;0.310111;0.071193;,
  -0.019218;0.326468;0.055049;,
  -0.016937;0.296570;0.077500;,
  -0.052502;0.324969;0.069492;,
  -0.048139;0.279403;0.062802;,
  -0.086079;0.317410;0.073495;,
  -0.083461;0.275471;0.049945;,
  0.024978;0.289330;0.029991;,
  0.036040;0.316202;0.007988;,
  0.010911;0.267103;-0.004600;,
  0.017265;0.294876;-0.021200;,
  -0.243470;0.306676;-0.062135;,
  -0.237127;0.269647;-0.031951;,
  -0.224443;0.304846;-0.058860;,
  -0.220783;0.275375;-0.031661;,
  -0.241596;0.277714;0.010293;,
  -0.209397;0.289724;0.020410;,
  -0.258472;0.331163;0.046650;,
  -0.205880;0.322497;0.044941;,
  -0.255072;0.300427;0.041227;,
  -0.046481;0.365356;0.065244;,
  -0.083508;0.371787;0.071078;,
  -0.243030;0.348331;-0.069141;,
  -0.222936;0.346991;-0.066800;,
  -0.105813;0.348003;-0.065616;,
  -0.109708;0.297808;-0.052198;,
  -0.067613;0.344814;-0.066912;,
  -0.070843;0.289738;-0.052186;,
  -0.399589;0.320370;0.081288;,
  -0.302152;0.320299;0.060300;,
  -0.408371;0.278119;0.061459;,
  -0.312816;0.279837;0.031575;,
  -0.498151;0.326736;0.102278;,
  -0.501286;0.290395;0.065086;,
  -0.343851;0.351070;-0.046588;,
  -0.305703;0.363550;0.029576;,
  -0.420049;0.342625;-0.023602;,
  -0.404095;0.362614;0.047933;,
  -0.499005;0.336055;0.017882;,
  -0.500785;0.346707;0.057804;,
  -0.343360;0.276461;-0.021817;,
  -0.420748;0.265958;-0.000945;,
  -0.497512;0.296043;0.025707;,
  -0.737674;0.351905;-0.044692;,
  -0.749438;0.309158;-0.052390;,
  -0.711321;0.342790;-0.084765;,
  -0.721989;0.309826;-0.088594;,
  -0.626869;0.318506;0.043397;,
  -0.556274;0.319868;0.065880;,
  -0.621733;0.284503;0.021081;,
  -0.550645;0.283715;0.044056;,
  -0.704915;0.313647;0.017620;,
  -0.697547;0.289854;-0.006548;,
  -0.537459;0.344967;-0.015373;,
  -0.566413;0.355736;0.031021;,
  -0.602371;0.338145;-0.024242;,
  -0.621806;0.342926;0.013621;,
  -0.675585;0.317302;-0.026440;,
  -0.695897;0.327468;-0.006173;,
  -0.531979;0.274358;-0.000760;,
  -0.605449;0.277141;-0.013071;,
  -0.674228;0.293304;-0.022308;,
  -0.271298;0.275299;0.013259;,
  -0.295167;0.377210;0.046402;,
  -0.258438;0.374260;0.051739;,
  -0.305703;0.363550;0.029576;,
  -0.290442;0.265546;-0.036960;,
  -0.292516;0.310601;-0.069327;,
  -0.333629;0.276288;-0.026697;,
  -0.332487;0.317256;-0.056471;,
  -0.158884;0.302739;-0.052216;,
  -0.114544;0.270260;-0.029117;,
  -0.113104;0.278757;0.041909;,
  -0.111759;0.262158;-0.009778;,
  -0.161029;0.293149;0.026533;,
  -0.160847;0.276199;-0.021335;,
  -0.116895;0.319369;0.070405;,
  -0.165871;0.321225;0.050460;,
  -0.169281;0.370133;0.045546;,
  -0.114054;0.374000;0.066782;,
  0.043299;0.312354;0.093550;,
  0.052512;0.260960;0.106564;,
  0.050147;0.255426;0.156851;,
  0.045090;0.315097;0.154921;,
  0.018132;0.305814;0.203039;,
  0.025436;0.258070;0.206331;,
  -0.020751;0.309668;0.155878;,
  -0.016440;0.308809;0.104977;,
  0.045090;0.315097;0.154921;,
  0.003174;0.309749;0.222439;,
  0.018132;0.305814;0.203039;,
  -0.013240;0.256225;0.108260;,
  -0.023311;0.299806;0.104565;,
  -0.015771;0.249866;0.157517;,
  0.010733;0.262219;0.225926;,
  0.024250;0.251090;0.106506;,
  0.007131;0.306266;0.169058;,
  0.016871;0.250311;0.177688;,
  0.052718;0.302085;0.129229;,
  0.056887;0.266309;0.136310;,
  0.086956;0.304676;0.102834;,
  0.093452;0.279066;0.103971;,
  0.042546;0.320556;0.217943;,
  0.007131;0.306266;0.169058;,
  0.088597;0.307074;0.173521;,
  0.052718;0.302085;0.129229;,
  0.110267;0.304828;0.134318;,
  0.086956;0.304676;0.102834;,
  0.052161;0.264883;0.226230;,
  0.091352;0.279548;0.178891;,
  0.117333;0.287513;0.131910;,
  0.194065;0.318145;0.039842;,
  0.208134;0.301792;0.035538;,
  0.200576;0.325216;0.087025;,
  0.214242;0.309033;0.082285;,
  0.162785;0.307341;0.038362;,
  0.152242;0.309991;0.035595;,
  0.161503;0.296424;0.038856;,
  0.149128;0.299621;0.031251;,
  0.169153;0.311196;0.107900;,
  0.135038;0.319558;0.120630;,
  0.142077;0.299326;0.064184;,
  0.114173;0.316647;0.075594;,
  0.137941;0.281952;0.123605;,
  0.178021;0.293497;0.105419;,
  0.151367;0.281719;0.063754;,
  0.115392;0.277860;0.076950;,
  0.049624;0.291834;0.079399;,
  0.047287;0.275007;0.055003;,
  0.024978;0.289330;0.029991;,
  0.027525;0.306827;0.052160;,
  -0.072052;0.256772;-0.028240;,
  0.025219;0.312204;0.034230;,
  0.005084;0.310111;0.071193;,
  0.031542;0.301406;0.093848;,
  -0.016937;0.296570;0.077500;,
  0.022140;0.288859;0.094163;,
  -0.034562;0.285674;-0.042786;,
  -0.031912;0.254108;-0.007534;,
  -0.028026;0.252533;-0.001516;,
  0.017490;0.342149;-0.024522;,
  -0.033041;0.342018;-0.056978;,
  0.010911;0.267103;-0.004600;,
  -0.028026;0.252533;-0.001516;,
  -0.031367;0.253203;0.012304;,
  -0.046315;0.274746;0.043540;,
  0.043299;0.312354;0.093550;,
  -0.078756;0.260981;0.003108;,
  -0.085059;0.274530;0.035186;,
  -0.048139;0.279403;0.062802;,
  -0.074709;0.252544;-0.011113;,
  0.114173;0.316647;0.075594;,
  0.066954;0.327726;0.021201;,
  0.057712;0.318599;0.039671;,
  0.041766;0.343577;-0.001253;,
  0.070330;0.353031;0.013925;,
  0.151367;0.281719;0.063754;,
  0.214242;0.309033;0.082285;,
  0.208134;0.301792;0.035538;,
  0.137427;0.317102;0.046916;,
  0.135165;0.291601;0.042969;,
  0.137427;0.317102;0.046916;,
  0.152148;0.309693;0.053641;,
  0.148416;0.286223;0.060042;,
  0.148416;0.286223;0.060042;,
  0.152242;0.309991;0.035595;,
  0.149128;0.299621;0.031251;,
  0.161503;0.296424;0.038856;,
  -0.793741;0.337009;0.054029;,
  -0.779275;0.303005;0.021663;,
  -0.812414;0.342155;0.049117;,
  -0.801535;0.305086;0.014517;,
  -0.711321;0.342790;-0.084765;,
  -0.690991;0.336834;-0.056578;,
  -0.737674;0.351905;-0.044692;,
  -0.719791;0.345649;-0.028193;,
  -0.674228;0.293304;-0.022308;,
  -0.675585;0.317302;-0.026440;,
  -0.701513;0.296619;-0.059224;,
  -0.721989;0.309826;-0.088594;,
  -0.749438;0.309158;-0.052390;,
  -0.724702;0.297400;-0.030514;,
  -0.704915;0.313647;0.017620;,
  -0.697547;0.289854;-0.006548;,
  -0.795845;0.374339;0.044680;,
  -0.781723;0.363093;0.046988;,
  -0.801535;0.305086;0.014517;,
  -0.795845;0.374339;0.044680;,
  -0.404095;0.362614;0.047933;,
  -0.500785;0.346707;0.057804;,
  -0.566413;0.355736;0.031021;,
  -0.621806;0.342926;0.013621;,
  -0.695897;0.327468;-0.006173;,
  -0.695897;0.327468;-0.006173;,
  -0.320103;0.370877;0.001214;,
  0.055065;0.311874;0.068932;,
  0.066206;0.309187;0.050788;,
  0.046932;0.319264;0.066635;,
  0.047455;0.325882;0.053705;,
  0.088087;0.326312;0.036436;,
  0.100609;0.340898;0.021841;,
  0.180912;0.381359;0.116176;,
  0.182268;0.361728;0.111573;,
  0.161973;0.372116;0.137318;,
  0.139287;0.334007;0.133233;,
  0.112058;0.322366;0.130802;,
  0.104399;0.336571;0.139306;,
  0.094122;0.311108;0.055678;,
  0.074365;0.309940;0.077890;,
  0.131371;0.321862;0.051131;,
  0.078614;0.315279;0.046569;,
  0.166162;0.325488;0.093101;,
  0.134359;0.318201;0.075208;,
  0.154038;0.326783;0.118230;,
  0.121620;0.314838;0.099059;,
  0.148880;0.345999;0.023427;,
  0.138689;0.329056;0.037824;,
  0.181660;0.393114;0.047709;,
  0.141814;0.385889;0.019607;,
  0.186311;0.359154;0.051322;,
  0.085892;0.316603;0.112590;,
  0.101276;0.309693;0.090388;,
  0.058975;0.313350;0.088977;,
  0.029011;0.318905;0.093895;,
  0.017630;0.334322;0.104540;,
  0.021738;0.338959;0.084326;,
  0.158240;0.344600;0.132301;,
  0.178540;0.340970;0.104604;,
  0.182807;0.339693;0.065534;,
  0.192379;0.354157;0.081690;,
  0.192167;0.390541;0.081709;,
  0.194344;0.373194;0.080370;,
  0.103288;0.374680;0.017517;,
  0.182807;0.339693;0.065534;,
  0.192379;0.354157;0.081690;,
  0.131255;0.305914;0.046927;,
  0.098192;0.305628;0.056177;,
  0.144906;0.312869;0.061719;,
  0.124395;0.314308;0.061306;,
  0.131255;0.305914;0.046927;,
  0.098192;0.305628;0.056177;,
  0.144906;0.312869;0.061719;,
  0.110385;0.310807;0.073216;,
  0.134359;0.318201;0.075208;,
  0.094122;0.311108;0.055678;,
  0.106198;0.321733;0.120121;,
  0.110385;0.310807;0.073216;,
  0.025219;0.312204;0.034230;,
  0.057712;0.318599;0.039671;,
  0.027525;0.306827;0.052160;,
  0.088087;0.326312;0.036436;,
  -0.020907;0.361075;0.057332;,
  0.002432;0.357866;0.054017;,
  -0.203775;0.365755;0.040305;,
  -0.290503;0.352009;-0.076713;,
  -0.322553;0.357688;-0.065887;,
  -0.338996;0.361324;-0.056423;,
  0.025089;0.351129;0.068213;,
  -0.320103;0.370877;0.001214;,
  0.192167;0.390541;0.081709;,
  0.194344;0.373194;0.080370;,
  0.056664;0.323979;0.109169;,
  0.073464;0.334436;0.124341;,
  0.064593;0.332074;0.121355;,
  0.149882;0.367093;0.145597;,
  0.126222;0.359158;0.150564;,
  0.098174;0.338794;0.128091;,
  -0.157900;0.348873;-0.063271;,
  0.027525;0.306827;0.052160;,
  -0.812414;0.342155;0.049117;,
  0.050517;0.323149;0.106878;,
  0.044553;0.328285;0.113905;,
  0.049907;0.330381;0.112154;,
  0.063958;0.342379;0.139251;,
  0.058692;0.342739;0.127726;,
  0.052125;0.330335;0.117964;,
  0.038922;0.338477;0.117805;,
  0.046729;0.341361;0.114593;,
  0.096741;0.350775;0.147810;,
  0.089177;0.349634;0.141109;,
  -0.031367;0.253203;0.012304;,
  0.047936;0.340259;0.123288;,
  -0.043527;0.275770;0.026230;,
  -0.046315;0.274746;0.043540;,
  -0.048139;0.279403;0.062802;,
  0.138689;0.329056;0.037824;,
  -0.509195;0.305355;0.123031;,
  -0.556274;0.319868;0.065880;,
  -0.581724;0.285887;0.118788;,
  -0.626869;0.318506;0.043397;,
  -0.453461;0.320032;0.122152;,
  -0.498151;0.326736;0.102278;,
  -0.375371;0.345776;0.088831;,
  -0.399589;0.320370;0.081288;,
  -0.299550;0.364194;0.062263;,
  -0.302152;0.320299;0.060300;,
  -0.258472;0.331163;0.046650;,
  -0.704915;0.313647;0.017620;,
  -0.650972;0.276836;0.119226;,
  -0.670063;0.335394;-0.065128;,
  -0.602317;0.338686;-0.047133;,
  -0.651462;0.374802;0.016793;,
  -0.579570;0.373545;0.026573;,
  -0.535563;0.338152;-0.028186;,
  -0.512570;0.363253;0.037995;,
  -0.499440;0.337785;-0.012504;,
  -0.452980;0.366028;0.054033;,
  -0.422517;0.341037;-0.038273;,
  -0.402159;0.365062;-0.013316;,
  -0.347728;0.366258;-0.056584;,
  -0.043527;0.275770;0.026230;,
  -0.019257;0.436201;0.038140;,
  -0.000083;0.424028;0.039008;,
  -0.011916;0.391592;0.043417;,
  0.018113;0.380850;0.031939;,
  -0.068554;0.452957;0.017496;,
  -0.032026;0.444290;0.030932;,
  -0.077198;0.423154;0.054162;,
  -0.043523;0.405049;0.055188;,
  0.027548;0.386581;-0.037580;,
  0.042411;0.373022;-0.002162;,
  0.025427;0.421319;-0.035979;,
  0.026825;0.420298;-0.003082;,
  -0.208177;0.424851;-0.061553;,
  -0.219340;0.432158;-0.064543;,
  -0.217378;0.388622;-0.075613;,
  -0.234501;0.388616;-0.078568;,
  -0.197663;0.428861;-0.007414;,
  -0.223623;0.441924;-0.022639;,
  -0.198729;0.407297;0.027984;,
  -0.239719;0.436094;0.013479;,
  -0.249718;0.411148;0.030609;,
  -0.222936;0.346991;-0.066800;,
  -0.243030;0.348331;-0.069141;,
  -0.061471;0.401324;-0.072587;,
  -0.104790;0.399809;-0.071392;,
  -0.067613;0.344814;-0.066912;,
  -0.105813;0.348003;-0.065616;,
  -0.293864;0.443993;0.021069;,
  -0.266285;0.412333;0.044869;,
  -0.361865;0.418274;0.098479;,
  -0.333250;0.382373;0.110636;,
  -0.434751;0.381754;0.144662;,
  -0.411145;0.350343;0.175904;,
  -0.339878;0.337151;0.081854;,
  -0.264887;0.360934;0.019971;,
  -0.391455;0.344243;0.026529;,
  -0.337456;0.362305;-0.037686;,
  -0.421743;0.327120;0.136341;,
  -0.435206;0.334799;0.100363;,
  -0.404028;0.419831;0.049335;,
  -0.338736;0.435434;-0.020787;,
  -0.442051;0.374271;0.108068;,
  -0.661483;0.348792;0.029493;,
  -0.681426;0.350683;0.070276;,
  -0.666876;0.314776;0.024112;,
  -0.689947;0.306671;0.066366;,
  -0.486326;0.376318;0.131443;,
  -0.480071;0.340380;0.153452;,
  -0.557842;0.358438;0.119272;,
  -0.551540;0.324717;0.141718;,
  -0.629557;0.334588;0.104257;,
  -0.632684;0.311230;0.127573;,
  -0.545339;0.301445;0.111246;,
  -0.486548;0.302315;0.120082;,
  -0.533345;0.309717;0.070973;,
  -0.468061;0.318423;0.070026;,
  -0.637713;0.299515;0.098718;,
  -0.611953;0.307690;0.078627;,
  -0.548935;0.368574;0.083166;,
  -0.477165;0.388693;0.084461;,
  -0.609817;0.330996;0.084419;,
  -0.252023;0.451409;-0.022059;,
  -0.264887;0.360934;0.019971;,
  -0.283548;0.392542;-0.085761;,
  -0.270797;0.445035;-0.072956;,
  -0.328698;0.396134;-0.063072;,
  -0.324950;0.440787;-0.041355;,
  -0.106634;0.434320;-0.059988;,
  -0.155969;0.395778;-0.070157;,
  -0.155969;0.431923;-0.051364;,
  -0.102764;0.448724;-0.044884;,
  -0.156618;0.433945;-0.000617;,
  -0.104721;0.452638;0.009190;,
  -0.162868;0.417073;0.031978;,
  -0.111755;0.425959;0.050348;,
  -0.054674;0.422599;0.072532;,
  -0.011857;0.428137;0.046055;,
  -0.019823;0.412347;-0.004766;,
  -0.101176;0.421984;0.084724;,
  -0.114914;0.402519;0.042455;,
  -0.073097;0.396845;0.021668;,
  -0.073097;0.396845;0.021668;,
  -0.052391;0.461737;-0.019324;,
  -0.098452;0.454445;0.001545;,
  -0.114914;0.402519;0.042455;,
  -0.148998;0.432195;0.037300;,
  -0.052037;0.472147;-0.014861;,
  -0.079767;0.480389;0.052354;,
  -0.038026;0.485156;0.025744;,
  -0.135482;0.451479;0.079547;,
  -0.020050;0.456796;0.043278;,
  -0.083785;0.353734;0.099029;,
  -0.085795;0.412470;0.088285;,
  -0.093118;0.335906;0.068329;,
  -0.100514;0.388149;0.038363;,
  -0.085513;0.304911;0.109768;,
  -0.091222;0.293778;0.089992;,
  -0.093118;0.335906;0.068329;,
  -0.100514;0.388149;0.038363;,
  -0.145829;0.343340;0.089313;,
  -0.161664;0.394327;0.052753;,
  -0.091222;0.293778;0.089992;,
  -0.127228;0.298112;0.105946;,
  -0.138359;0.357267;0.112644;,
  -0.146924;0.418575;0.102338;,
  -0.121831;0.305793;0.120066;,
  -0.077580;0.299994;0.219543;,
  -0.030793;0.307606;0.214250;,
  -0.081318;0.281715;0.208450;,
  -0.034072;0.289110;0.202805;,
  -0.023926;0.300547;0.155873;,
  -0.028156;0.290672;0.160423;,
  -0.032151;0.305426;0.167265;,
  -0.031455;0.294870;0.170288;,
  -0.066245;0.276857;0.122318;,
  -0.112086;0.275904;0.141547;,
  -0.056509;0.298715;0.147544;,
  -0.101096;0.289942;0.174380;,
  -0.099436;0.308889;0.180408;,
  -0.116084;0.313386;0.138299;,
  -0.068578;0.315288;0.117286;,
  -0.056915;0.317574;0.153920;,
  0.027827;0.447938;-0.006384;,
  0.026407;0.455272;0.022533;,
  0.021739;0.418739;0.021025;,
  0.026825;0.420298;-0.003082;,
  -0.056627;0.440430;-0.061817;,
  0.033716;0.387979;0.020694;,
  -0.011785;0.445888;0.027825;,
  0.007029;0.452024;0.040805;,
  -0.019257;0.436201;0.038140;,
  -0.000083;0.424028;0.039008;,
  -0.009269;0.447992;-0.045388;,
  -0.012971;0.444954;-0.049840;,
  -0.021884;0.398743;-0.062982;,
  -0.033041;0.342018;-0.056978;,
  0.017490;0.342149;-0.024522;,
  0.025427;0.421319;-0.035979;,
  -0.009269;0.447992;-0.045388;,
  -0.019823;0.412347;-0.004766;,
  -0.036472;0.441302;0.003425;,
  -0.018408;0.449994;-0.037570;,
  -0.070422;0.448817;0.003322;,
  -0.062980;0.448828;-0.031235;,
  -0.032026;0.444290;0.030932;,
  -0.058053;0.450868;-0.047371;,
  -0.066245;0.276857;0.122318;,
  0.052971;0.386448;0.037947;,
  0.063446;0.377920;0.019926;,
  0.070330;0.353031;0.013925;,
  0.041766;0.343577;-0.001253;,
  -0.056915;0.317574;0.153920;,
  -0.030793;0.307606;0.214250;,
  -0.077580;0.299994;0.219543;,
  -0.035197;0.305895;0.140350;,
  -0.038631;0.280964;0.146485;,
  -0.046183;0.290398;0.159554;,
  -0.038631;0.280964;0.146485;,
  -0.052968;0.312775;0.151875;,
  -0.052968;0.312775;0.151875;,
  -0.023926;0.300547;0.155873;,
  -0.028156;0.290672;0.160423;,
  -0.032151;0.305426;0.167265;,
  -0.718182;0.357203;0.146524;,
  -0.696844;0.347692;0.148795;,
  -0.741110;0.320013;0.174467;,
  -0.721760;0.315276;0.176026;,
  -0.669526;0.299972;0.079376;,
  -0.643171;0.303515;0.047662;,
  -0.689947;0.306671;0.066366;,
  -0.666876;0.314776;0.024112;,
  -0.611953;0.307690;0.078627;,
  -0.634178;0.343403;0.055603;,
  -0.609817;0.330996;0.084419;,
  -0.651850;0.344365;0.087996;,
  -0.681426;0.350683;0.070276;,
  -0.661483;0.348792;0.029493;,
  -0.629557;0.334588;0.104257;,
  -0.632684;0.311230;0.127573;,
  -0.723969;0.289691;0.161367;,
  -0.741842;0.286524;0.160044;,
  -0.741842;0.286524;0.160044;,
  -0.718182;0.357203;0.146524;,
  -0.339878;0.337151;0.081854;,
  -0.421743;0.327120;0.136341;,
  -0.486548;0.302315;0.120082;,
  -0.545339;0.301445;0.111246;,
  -0.637713;0.299515;0.098718;,
  -0.637713;0.299515;0.098718;,
  0.043782;0.378439;0.052370;,
  0.040039;0.396389;0.065472;,
  0.030709;0.373331;0.075740;,
  0.033775;0.382829;0.080881;,
  0.083303;0.398570;0.031553;,
  0.066289;0.398954;0.048668;,
  0.171099;0.398948;0.117841;,
  0.180912;0.381359;0.116176;,
  0.094776;0.368642;0.144707;,
  0.092810;0.386509;0.141603;,
  0.122121;0.391213;0.142867;,
  0.049738;0.392013;0.091711;,
  0.064933;0.408382;0.072059;,
  0.053337;0.399515;0.060754;,
  0.101544;0.421262;0.067869;,
  0.093924;0.407133;0.114601;,
  0.104262;0.418501;0.092098;,
  0.129265;0.409340;0.132132;,
  0.136471;0.424434;0.109763;,
  0.110342;0.423526;0.053733;,
  0.126682;0.419974;0.035884;,
  0.141814;0.385889;0.019607;,
  0.167665;0.421290;0.061785;,
  0.181660;0.393114;0.047709;,
  0.039658;0.377727;0.099818;,
  0.073312;0.402884;0.106081;,
  0.066120;0.382496;0.123686;,
  0.017944;0.355787;0.100105;,
  0.143623;0.393313;0.140504;,
  0.172820;0.419340;0.092666;,
  0.156203;0.415409;0.117139;,
  0.155567;0.430471;0.080821;,
  0.184564;0.405786;0.085859;,
  0.192167;0.390541;0.081709;,
  0.103288;0.374680;0.017517;,
  0.155567;0.430471;0.080821;,
  0.172820;0.419340;0.092666;,
  0.092556;0.420410;0.079173;,
  0.065452;0.414735;0.074550;,
  0.109030;0.432425;0.081852;,
  0.092509;0.435038;0.068671;,
  0.065452;0.414735;0.074550;,
  0.092509;0.435038;0.068671;,
  0.109030;0.432425;0.081852;,
  0.104262;0.418501;0.092098;,
  0.080001;0.412065;0.090268;,
  0.064933;0.408382;0.072059;,
  0.086589;0.387081;0.131125;,
  0.080001;0.412065;0.090268;,
  0.052971;0.386448;0.037947;,
  0.033716;0.387979;0.020694;,
  0.021739;0.418739;0.021025;,
  0.066289;0.398954;0.048668;,
  -0.290503;0.352009;-0.076713;,
  -0.322553;0.357688;-0.065887;,
  -0.338996;0.361324;-0.056423;,
  -0.320103;0.370877;0.001214;,
  0.184564;0.405786;0.085859;,
  0.192167;0.390541;0.081709;,
  0.057343;0.356231;0.125423;,
  0.045247;0.362028;0.115576;,
  0.066325;0.358231;0.128348;,
  0.089732;0.366926;0.132828;,
  -0.157900;0.348873;-0.063271;,
  0.021739;0.418739;0.021025;,
  -0.741110;0.320013;0.174467;,
  0.037824;0.350708;0.117681;,
  0.039438;0.360073;0.113096;,
  0.043283;0.352455;0.115872;,
  0.045644;0.351932;0.121601;,
  -0.018408;0.449994;-0.037570;,
  -0.032532;0.435673;-0.013354;,
  -0.036472;0.441302;0.003425;,
  -0.032026;0.444290;0.030932;,
  0.110342;0.423526;0.053733;,
  -0.546168;0.286380;0.169185;,
  -0.470241;0.294061;0.166975;,
  -0.556312;0.282139;0.154964;,
  -0.482265;0.294876;0.147754;,
  -0.407832;0.311307;0.168412;,
  -0.417618;0.298508;0.149091;,
  -0.337387;0.336341;0.106862;,
  -0.354640;0.331304;0.103871;,
  -0.270516;0.365665;0.055639;,
  -0.290012;0.363457;0.063360;,
  -0.249718;0.411148;0.030609;,
  -0.258438;0.374260;0.051739;,
  -0.616042;0.272986;0.175092;,
  -0.619003;0.271368;0.164877;,
  -0.609814;0.330983;0.084415;,
  -0.616569;0.302912;0.041554;,
  -0.548935;0.368574;0.083166;,
  -0.543996;0.318334;0.051864;,
  -0.477165;0.388693;0.084461;,
  -0.472907;0.328399;0.056696;,
  -0.444200;0.331661;0.069516;,
  -0.442051;0.374271;0.108068;,
  -0.404028;0.419831;0.049335;,
  -0.402856;0.343143;0.013294;,
  -0.322553;0.357688;-0.065887;,
  -0.328698;0.396134;-0.063072;,
  -0.032532;0.435673;-0.013354;,
  -0.266285;0.412333;0.044869;,
  -0.333250;0.382373;0.110636;,
  -0.411145;0.350343;0.175904;,
  -0.480071;0.340380;0.153452;,
  -0.551540;0.324717;0.141718;,
  -0.632684;0.311230;0.127573;,
  -0.420748;0.265958;-0.000945;,
  -0.343360;0.276461;-0.021817;,
  -0.332487;0.317256;-0.056471;,
  -0.497512;0.296043;0.025707;,
  -0.531979;0.274358;-0.000760;,
  -0.605449;0.277141;-0.013071;,
  -0.674228;0.293304;-0.022308;,
  -0.338736;0.435434;-0.020787;;
  916;
  3;0,2,1;,
  3;3,1,2;,
  3;4,6,5;,
  3;7,5,6;,
  3;8,10,9;,
  3;11,9,10;,
  3;12,14,13;,
  3;15,13,14;,
  3;16,13,17;,
  3;15,17,13;,
  3;18,20,19;,
  3;17,19,20;,
  3;21,22,4;,
  3;6,4,22;,
  3;23,24,12;,
  3;14,12,24;,
  3;25,27,26;,
  3;28,26,27;,
  3;29,31,30;,
  3;32,30,31;,
  3;29,33,31;,
  3;34,31,33;,
  3;35,37,36;,
  3;38,36,37;,
  3;37,39,38;,
  3;40,38,39;,
  3;41,42,35;,
  3;37,35,42;,
  3;42,43,37;,
  3;39,37,43;,
  3;32,31,41;,
  3;42,41,31;,
  3;31,34,42;,
  3;43,42,34;,
  3;44,46,45;,
  3;47,45,46;,
  3;48,50,49;,
  3;51,49,50;,
  3;52,53,48;,
  3;50,48,53;,
  3;54,56,55;,
  3;57,55,56;,
  3;56,58,57;,
  3;59,57,58;,
  3;60,61,54;,
  3;56,54,61;,
  3;61,62,56;,
  3;58,56,62;,
  3;51,50,60;,
  3;61,60,50;,
  3;50,53,61;,
  3;62,61,53;,
  3;63,20,32;,
  3;30,32,20;,
  3;64,66,65;,
  3;18,65,66;,
  3;13,67,12;,
  3;68,12,67;,
  3;67,69,68;,
  3;70,68,69;,
  3;69,41,70;,
  3;35,70,41;,
  3;51,34,49;,
  3;33,49,34;,
  3;60,43,51;,
  3;34,51,43;,
  3;60,54,43;,
  3;39,43,54;,
  3;54,55,39;,
  3;40,39,55;,
  3;16,63,13;,
  3;67,13,63;,
  3;63,32,67;,
  3;69,67,32;,
  3;32,41,69;,
  3;26,72,71;,
  3;73,75,74;,
  3;76,74,75;,
  3;73,77,75;,
  3;78,75,77;,
  3;79,78,80;,
  3;77,80,78;,
  3;81,83,82;,
  3;84,85,83;,
  3;86,83,85;,
  3;87,89,88;,
  3;87,90,89;,
  3;91,89,90;,
  3;92,94,93;,
  3;94,87,93;,
  3;87,88,93;,
  3;94,95,87;,
  3;90,87,95;,
  3;83,94,96;,
  3;83,86,94;,
  3;95,94,86;,
  3;97,99,98;,
  3;100,98,99;,
  3;99,101,100;,
  3;102,100,101;,
  3;103,105,104;,
  3;106,104,105;,
  3;105,107,106;,
  3;108,106,107;,
  3;109,110,103;,
  3;105,103,110;,
  3;110,111,105;,
  3;107,105,111;,
  3;98,100,109;,
  3;110,109,100;,
  3;100,102,110;,
  3;111,110,102;,
  3;112,114,113;,
  3;115,113,114;,
  3;116,118,117;,
  3;119,117,118;,
  3;120,122,121;,
  3;123,121,122;,
  3;124,125,121;,
  3;120,121,125;,
  3;126,125,127;,
  3;124,127,125;,
  3;86,98,95;,
  3;109,95,98;,
  3;85,97,86;,
  3;98,86,97;,
  3;103,104,90;,
  3;91,90,104;,
  3;90,95,103;,
  3;109,103,95;,
  3;128,96,129;,
  3;92,129,96;,
  3;129,130,128;,
  3;131,128,130;,
  3;26,28,72;,
  3;132,72,28;,
  3;9,133,8;,
  3;134,136,135;,
  3;137,135,136;,
  3;135,137,82;,
  3;138,11,139;,
  3;11,10,139;,
  3;10,140,139;,
  3;141,11,142;,
  3;138,142,11;,
  3;143,130,129;,
  3;93,144,92;,
  3;144,143,92;,
  3;143,129,92;,
  3;145,88,146;,
  3;147,146,88;,
  3;74,148,73;,
  3;149,73,148;,
  3;146,147,150;,
  3;73,149,7;,
  3;74,151,148;,
  3;101,152,102;,
  3;127,102,152;,
  3;127,124,102;,
  3;111,102,124;,
  3;124,121,111;,
  3;107,111,121;,
  3;123,108,121;,
  3;107,121,108;,
  3;153,154,9;,
  3;133,9,154;,
  3;9,155,153;,
  3;156,153,155;,
  3;114,112,120;,
  3;122,120,112;,
  3;112,113,122;,
  3;157,122,113;,
  3;158,125,159;,
  3;126,159,125;,
  3;114,120,158;,
  3;125,158,120;,
  3;152,160,127;,
  3;161,127,160;,
  3;123,122,162;,
  3;163,162,122;,
  3;157,164,122;,
  3;163,122,164;,
  3;126,127,165;,
  3;161,165,127;,
  3;160,166,161;,
  3;167,161,166;,
  3;163,116,162;,
  3;117,162,116;,
  3;164,118,163;,
  3;116,163,118;,
  3;161,167,165;,
  3;168,165,167;,
  3;169,171,170;,
  3;172,170,171;,
  3;173,175,174;,
  3;176,174,175;,
  3;177,179,178;,
  3;174,178,179;,
  3;180,179,181;,
  3;182,181,179;,
  3;169,170,183;,
  3;184,183,170;,
  3;185,186,175;,
  3;176,175,186;,
  3;45,187,44;,
  3;188,44,187;,
  3;182,170,181;,
  3;172,181,170;,
  3;66,30,18;,
  3;18,30,20;,
  3;189,29,30;,
  3;189,190,29;,
  3;33,29,190;,
  3;190,191,33;,
  3;49,33,191;,
  3;192,48,191;,
  3;49,191,48;,
  3;193,52,192;,
  3;48,192,52;,
  3;186,169,194;,
  3;183,194,169;,
  3;186,185,169;,
  3;171,169,185;,
  3;194,176,186;,
  3;178,174,194;,
  3;176,194,174;,
  3;180,173,179;,
  3;174,179,173;,
  3;184,182,177;,
  3;179,177,182;,
  3;184,170,182;,
  3;20,16,17;,
  3;20,63,16;,
  3;64,195,66;,
  3;196,198,197;,
  3;199,197,198;,
  3;154,153,200;,
  3;201,200,153;,
  3;202,204,203;,
  3;205,207,206;,
  3;208,209,197;,
  3;196,197,209;,
  3;210,208,211;,
  3;197,211,208;,
  3;212,214,213;,
  3;215,213,214;,
  3;210,212,213;,
  3;216,217,201;,
  3;200,201,217;,
  3;218,220,219;,
  3;216,219,220;,
  3;197,199,211;,
  3;205,206,214;,
  3;221,223,222;,
  3;224,198,196;,
  3;225,226,224;,
  3;198,224,226;,
  3;205,214,227;,
  3;212,229,228;,
  3;230,228,229;,
  3;231,232,218;,
  3;212,228,214;,
  3;233,201,156;,
  3;153,156,201;,
  3;219,216,233;,
  3;201,233,216;,
  3;234,216,220;,
  3;234,220,235;,
  3;236,238,237;,
  3;239,237,238;,
  3;210,240,208;,
  3;241,208,240;,
  3;213,242,210;,
  3;240,210,242;,
  3;243,239,244;,
  3;238,244,239;,
  3;245,237,243;,
  3;239,243,237;,
  3;221,222,246;,
  3;215,246,222;,
  3;247,213,222;,
  3;215,222,213;,
  3;0,248,199;,
  3;249,199,248;,
  3;250,8,133;,
  3;251,211,249;,
  3;199,249,211;,
  3;251,210,211;,
  3;252,2,253;,
  3;0,253,2;,
  3;19,254,18;,
  3;65,18,254;,
  3;12,68,23;,
  3;255,23,68;,
  3;70,256,68;,
  3;255,68,256;,
  3;70,35,256;,
  3;257,256,35;,
  3;253,0,258;,
  3;199,258,0;,
  3;35,259,257;,
  3;36,259,35;,
  3;260,202,261;,
  3;203,261,202;,
  3;221,263,262;,
  3;264,262,263;,
  3;226,258,198;,
  3;199,198,258;,
  3;227,204,265;,
  3;266,205,265;,
  3;227,265,205;,
  3;246,267,221;,
  3;263,221,267;,
  3;147,88,89;,
  3;84,83,81;,
  3;19,17,78;,
  3;75,78,17;,
  3;17,15,75;,
  3;76,75,15;,
  3;14,71,15;,
  3;76,15,71;,
  3;24,268,14;,
  3;71,14,268;,
  3;0,269,248;,
  3;1,269,0;,
  3;135,128,134;,
  3;131,134,128;,
  3;82,96,135;,
  3;128,135,96;,
  3;82,83,96;,
  3;92,96,94;,
  3;66,189,30;,
  3;246,215,206;,
  3;246,206,267;,
  3;207,267,206;,
  3;215,214,206;,
  3;270,188,187;,
  3;271,272,224;,
  3;209,222,223;,
  3;196,223,224;,
  3;262,273,271;,
  3;272,271,273;,
  3;274,275,263;,
  3;262,276,273;,
  3;277,272,278;,
  3;273,278,272;,
  3;262,271,223;,
  3;224,223,271;,
  3;196,209,223;,
  3;247,222,208;,
  3;209,208,222;,
  3;262,223,221;,
  3;279,207,266;,
  3;205,266,207;,
  3;279,280,207;,
  3;267,207,280;,
  3;274,263,280;,
  3;267,280,263;,
  3;276,262,264;,
  3;72,74,76;,
  3;140,281,139;,
  3;72,132,74;,
  3;151,74,132;,
  3;76,71,72;,
  3;277,225,272;,
  3;9,11,155;,
  3;282,278,276;,
  3;273,276,278;,
  3;282,276,275;,
  3;264,275,276;,
  3;27,142,28;,
  3;138,28,142;,
  3;139,132,138;,
  3;28,138,132;,
  3;139,281,132;,
  3;151,132,281;,
  3;283,148,281;,
  3;151,281,148;,
  3;284,149,283;,
  3;148,283,149;,
  3;149,284,7;,
  3;5,7,284;,
  3;22,80,6;,
  3;77,6,80;,
  3;73,7,77;,
  3;6,77,7;,
  3;5,3,4;,
  3;2,4,3;,
  3;81,137,285;,
  3;136,285,137;,
  3;81,82,137;,
  3;88,145,93;,
  3;144,93,145;,
  3;252,21,2;,
  3;4,2,21;,
  3;229,212,286;,
  3;286,210,251;,
  3;210,286,212;,
  3;217,216,234;,
  3;228,203,227;,
  3;228,230,203;,
  3;261,203,230;,
  3;235,220,232;,
  3;227,214,228;,
  3;26,71,25;,
  3;268,25,71;,
  3;11,141,155;,
  3;78,79,19;,
  3;254,19,79;,
  3;225,224,272;,
  3;264,263,275;,
  3;204,227,203;,
  3;220,218,232;,
  3;287,289,288;,
  3;290,288,289;,
  3;291,287,292;,
  3;288,292,287;,
  3;293,291,294;,
  3;292,294,291;,
  3;295,293,296;,
  3;294,296,293;,
  3;296,297,295;,
  3;298,290,299;,
  3;289,299,290;,
  3;300,302,301;,
  3;303,301,302;,
  3;304,301,305;,
  3;303,305,301;,
  3;306,304,307;,
  3;305,307,304;,
  3;306,307,308;,
  3;309,308,307;,
  3;309,310,308;,
  3;311,145,146;,
  3;312,314,313;,
  3;315,313,314;,
  3;316,318,317;,
  3;319,317,318;,
  3;320,322,321;,
  3;323,321,322;,
  3;324,326,325;,
  3;327,325,326;,
  3;324,325,328;,
  3;329,328,325;,
  3;328,331,330;,
  3;332,330,331;,
  3;318,22,319;,
  3;21,319,22;,
  3;326,333,327;,
  3;334,327,333;,
  3;335,337,336;,
  3;338,336,337;,
  3;339,341,340;,
  3;342,340,341;,
  3;343,344,341;,
  3;342,341,344;,
  3;345,347,346;,
  3;348,346,347;,
  3;349,350,345;,
  3;347,345,350;,
  3;347,351,348;,
  3;352,348,351;,
  3;350,353,347;,
  3;351,347,353;,
  3;351,341,352;,
  3;339,352,341;,
  3;353,343,351;,
  3;341,351,343;,
  3;354,356,355;,
  3;357,355,356;,
  3;358,360,359;,
  3;361,359,360;,
  3;360,362,361;,
  3;363,361,362;,
  3;364,366,365;,
  3;367,365,366;,
  3;368,369,364;,
  3;366,364,369;,
  3;366,370,367;,
  3;371,367,370;,
  3;369,372,366;,
  3;370,366,372;,
  3;370,360,371;,
  3;358,371,360;,
  3;372,362,370;,
  3;360,370,362;,
  3;340,331,339;,
  3;373,339,331;,
  3;332,374,65;,
  3;64,65,374;,
  3;375,376,327;,
  3;325,327,376;,
  3;377,378,375;,
  3;376,375,378;,
  3;348,352,377;,
  3;378,377,352;,
  3;344,343,359;,
  3;358,359,343;,
  3;343,353,358;,
  3;371,358,353;,
  3;350,367,353;,
  3;371,353,367;,
  3;349,365,350;,
  3;367,350,365;,
  3;376,373,325;,
  3;329,325,373;,
  3;378,339,376;,
