xof 0303txt 0032
template XSkinMeshHeader {
 <3cf169ce-ff7c-44ab-93c0-f78f62d172e2>
 WORD nMaxSkinWeightsPerVertex;
 WORD nMaxSkinWeightsPerFace;
 WORD nBones;
}

template VertexDuplicationIndices {
 <b8d65549-d7c9-4995-89cf-53a9a8b031e3>
 DWORD nIndices;
 DWORD nOriginalVertices;
 array DWORD indices[nIndices];
}

template SkinWeights {
 <6f0d123b-bad2-4167-a0d0-80224f25fabb>
 STRING transformNodeName;
 DWORD nWeights;
 array DWORD vertexIndices[nWeights];
 array FLOAT weights[nWeights];
 Matrix4x4 matrixOffset;
}

template AnimTicksPerSecond {
 <9e415a43-7ba6-4a73-8743-b73d47e88476>
 DWORD AnimTicksPerSecond;
}

template VertexElement {
 <f752461c-1e23-48f6-b9f8-8350850f336f>
 DWORD Type;
 DWORD Method;
 DWORD Usage;
 DWORD UsageIndex;
}

template DeclData {
 <bf22e553-292c-4781-9fea-62bd554bdd93>
 DWORD nElements;
 array VertexElement Elements[nElements];
 DWORD nDWords;
 array DWORD data[nDWords];
}


AnimTicksPerSecond {
 4800;
}

Frame Dummy01 {
 

 FrameTransformMatrix {
  -1.000000,-0.000000,0.000000,0.000000,-0.000000,0.000000,1.000000,0.000000,-0.000000,1.000000,-0.000000,0.000000,0.000000,0.000000,0.000000,1.000000;;
 }

 Frame Bip01 {
  

  FrameTransformMatrix {
   0.641733,0.089090,0.761736,0.000000,0.766873,-0.086469,-0.635947,0.000000,0.009210,0.992263,-0.123811,0.000000,0.000000,0.000107,0.363346,1.000000;;
  }

  Frame Bip01_Pelvis {
   

   FrameTransformMatrix {
    -0.000000,-1.000000,-0.000001,0.000000,-0.087154,0.000001,-0.996195,0.000000,0.996195,0.000000,-0.087154,0.000000,-0.000000,0.000000,-0.000000,1.000000;;
   }

   Frame Bip01_Spine {
    

    FrameTransformMatrix {
     0.839199,0.128071,0.528530,0.000000,-0.148044,0.988970,-0.004578,0.000000,-0.523286,-0.074404,0.848903,0.000000,0.051678,0.000006,-0.000072,1.000000;;
    }

    Frame Bip01_Spine1 {
     

     FrameTransformMatrix {
      0.998082,0.045354,0.042131,0.000000,-0.046568,0.998515,0.028282,0.000000,-0.040786,-0.030190,0.998712,0.000000,0.106483,0.000003,-0.000085,1.000000;;
     }

     Frame Bip01_Neck {
      

      FrameTransformMatrix {
       0.903366,-0.000001,0.428870,0.000000,0.000001,1.000000,-0.000000,0.000000,-0.428870,0.000000,0.903366,0.000000,0.130516,0.000000,0.004628,1.000000;;
      }

      Frame Bip01_Head {
       

       FrameTransformMatrix {
        0.970437,0.077613,0.228534,0.000000,-0.035874,0.982751,-0.181419,0.000000,-0.238673,0.167857,0.956483,0.000000,0.033674,-0.000000,-0.000000,1.000000;;
       }

       Frame Bip01_HeadNub {
        

        FrameTransformMatrix {
         1.000000,0.000000,-0.000000,0.000000,-0.000000,1.000000,-0.000000,0.000000,0.000000,0.000000,1.000000,0.000000,0.169824,-0.000000,0.000000,1.000000;;
        }
       }
      }

      Frame Bip01_R_Clavicle {
       

       FrameTransformMatrix {
        -0.096798,-0.994238,0.046046,0.000000,-0.897821,0.107192,0.427115,0.000000,-0.429590,0.000003,-0.903024,0.000000,-0.023698,-0.015715,0.006128,1.000000;;
       }

       Frame Bip01_R_UpperArm {
        

        FrameTransformMatrix {
         0.149531,0.637054,0.756176,0.000000,-0.931285,0.347680,-0.108751,0.000000,-0.332188,-0.687954,0.645268,0.000000,0.087086,0.000000,-0.000000,1.000000;;
        }

        Frame Bip01_R_Forearm {
         

         FrameTransformMatrix {
          0.589463,-0.000000,-0.807795,0.000000,0.000000,1.000000,0.000000,0.000000,0.807795,-0.000000,0.589463,0.000000,0.137062,-0.000000,0.000000,1.000000;;
         }

         Frame Bip01_R_Hand {
          

          FrameTransformMatrix {
           0.838011,-0.441692,-0.320384,0.000000,-0.214073,0.273949,-0.937616,0.000000,0.501906,0.854318,0.135018,0.000000,0.137062,0.000000,0.000000,1.000000;;
          }

          Frame Bip01_R_Finger0 {
           

           FrameTransformMatrix {
            0.829256,0.514255,0.218807,0.000000,-0.558537,0.749101,0.356210,0.000000,0.019274,-0.417601,0.908427,0.000000,0.057681,0.023605,-0.000272,1.000000;;
           }

           Frame Bip01_R_Finger0Nub {
            

            FrameTransformMatrix {
             1.000000,0.000000,-0.000000,0.000000,-0.000000,1.000000,0.000000,0.000000,0.000000,-0.000000,1.000000,0.000000,0.029435,0.000000,-0.000000,1.000000;;
            }
           }
          }

          Frame Bip01_R_Finger1 {
           

           FrameTransformMatrix {
            0.449718,0.000711,0.893170,0.000000,-0.000000,1.000000,-0.000796,0.000000,-0.893171,0.000358,0.449718,0.000000,0.084102,-0.000000,0.000000,1.000000;;
           }

           Frame Bip01_R_Finger1Nub {
            

            FrameTransformMatrix {
             1.000000,0.000000,0.000000,0.000000,-0.000000,1.000000,0.000000,0.000000,-0.000000,-0.000000,1.000000,0.000000,0.047988,-0.000000,-0.000000,1.000000;;
            }
           }
          }
         }
        }
       }
      }

      Frame Bip01_L_Clavicle {
       

       FrameTransformMatrix {
        -0.236229,0.944736,-0.227311,0.000000,0.881617,0.110016,-0.458963,0.000000,-0.408591,-0.308822,-0.858884,0.000000,-0.023698,0.015714,0.006128,1.000000;;
       }

       Frame Bip01_L_UpperArm {
        

        FrameTransformMatrix {
         0.553181,-0.653053,0.517217,0.000000,0.810814,0.564594,-0.154320,0.000000,-0.191238,0.504734,0.841827,0.000000,0.087086,0.000000,-0.000000,1.000000;;
        }

        Frame Bip01_L_Forearm {
         

         FrameTransformMatrix {
          0.514987,-0.000000,-0.857198,0.000000,0.000000,1.000000,-0.000000,0.000000,0.857198,-0.000000,0.514987,0.000000,0.137062,0.000000,0.000000,1.000000;;
         }

         Frame Bip01_L_Hand {
          

          FrameTransformMatrix {
           0.848001,0.320353,-0.422219,0.000000,0.037878,0.757977,0.651181,0.000000,0.528640,-0.568195,0.630630,0.000000,0.137062,-0.000000,0.000000,1.000000;;
          }

          Frame Bip01_L_Finger0 {
           

           FrameTransformMatrix {
            0.829256,-0.514255,0.218807,0.000000,0.558537,0.749101,-0.356210,0.000000,0.019274,0.417601,0.908427,0.000000,0.057681,-0.023605,-0.000272,1.000000;;
           }

           Frame Bip01_L_Finger0Nub {
            

            FrameTransformMatrix {
             -1.000000,-0.000000,0.000000,0.000000,-0.000000,1.000000,0.000000,0.000000,-0.000000,0.000000,-1.000000,0.000000,0.029435,0.000000,0.000000,1.000000;;
            }
           }
          }

          Frame Bip01_L_Finger1 {
           

           FrameTransformMatrix {
            0.989590,-0.000115,0.143914,0.000000,0.000000,1.000000,0.000796,0.000000,-0.143914,-0.000788,0.989590,0.000000,0.084102,0.000000,0.000000,1.000000;;
           }

           Frame Bip01_L_Finger1Nub {
            

            FrameTransformMatrix {
             -1.000000,-0.000000,0.000000,0.000000,-0.000000,1.000000,0.000000,0.000000,-0.000000,0.000000,-1.000000,0.000000,0.047988,-0.000000,-0.000000,1.000000;;
            }
           }
          }
         }
        }
       }
      }
     }

     Frame Bip01_BackPack {
      

      FrameTransformMatrix {
       0.199038,0.182273,-0.962892,0.000000,-0.080868,0.982255,0.169222,0.000000,0.976650,0.044186,0.210246,0.000000,0.055206,-0.003391,-0.069352,1.000000;;
      }

      Frame Bip01_BackPackNub {
       

       FrameTransformMatrix {
        0.000796,-0.000003,1.000000,0.000000,-0.000007,-1.000000,-0.000003,0.000000,1.000000,-0.000007,-0.000796,0.000000,0.053240,-0.000000,0.000000,1.000000;;
       }
      }
     }
    }

    Frame Bip01_R_Thigh {
     

     FrameTransformMatrix {
      -0.300090,0.016169,0.953774,0.000000,-0.117390,-0.992883,-0.020103,0.000000,0.946660,-0.117996,0.299852,0.000000,-0.050403,-0.046972,0.031213,1.000000;;
     }

     Frame Bip01_R_Calf {
      

      FrameTransformMatrix {
       0.996113,0.000000,-0.088088,0.000000,-0.000000,1.000000,-0.000000,0.000000,0.088088,0.000000,0.996113,0.000000,0.237500,0.000000,0.000000,1.000000;;
      }

      Frame Bip01_R_Foot {
       

       FrameTransformMatrix {
        0.995125,0.033427,-0.092788,0.000000,-0.067040,0.919300,-0.387806,0.000000,0.072337,0.392136,0.917059,0.000000,0.206841,-0.000000,-0.000000,1.000000;;
       }

       Frame Bip01_R_Toe0 {
        

        FrameTransformMatrix {
         0.000001,0.000000,1.000000,0.000000,0.000000,1.000000,-0.000000,0.000000,-1.000000,0.000000,0.000001,0.000000,0.065373,0.000000,0.066450,1.000000;;
        }

        Frame Bip01_R_Toe0Nub {
         

         FrameTransformMatrix {
          -1.000000,-0.000000,-0.000000,0.000000,-0.000000,1.000000,0.000000,0.000000,0.000000,0.000000,-1.000000,0.000000,0.006735,0.000000,0.000000,1.000000;;
         }
        }
       }
      }
     }
    }

    Frame Bip01_L_Thigh {
     

     FrameTransformMatrix {
      0.275085,-0.002040,0.961418,0.000000,-0.042680,-0.999038,0.010092,0.000000,0.960472,-0.043809,-0.274907,0.000000,-0.036258,0.062260,0.022995,1.000000;;
     }

     Frame Bip01_L_Calf {
      

      FrameTransformMatrix {
       0.377607,0.000000,-0.925966,0.000000,-0.000000,1.000000,-0.000000,0.000000,0.925966,0.000000,0.377607,0.000000,0.237500,-0.000000,-0.000000,1.000000;;
      }

      Frame Bip01_L_Foot {
       

       FrameTransformMatrix {
        0.969083,0.246444,-0.011997,0.000000,-0.246162,0.969000,0.021059,0.000000,0.016815,-0.017455,0.999706,0.000000,0.206841,-0.000000,-0.000000,1.000000;;
       }

       Frame Bip01_L_Toe0 {
        

        FrameTransformMatrix {
         -0.000000,0.000000,1.000000,0.000000,0.000000,1.000000,0.000000,0.000000,-1.000000,0.000000,-0.000000,0.000000,0.065373,0.000000,0.066450,1.000000;;
        }

        Frame Bip01_L_Toe0Nub {
         

         FrameTransformMatrix {
          1.000000,-0.000000,-0.000000,0.000000,0.000000,1.000000,0.000000,0.000000,0.000000,-0.000000,1.000000,0.000000,0.006735,0.000000,0.000000,1.000000;;
         }
        }
       }
      }
     }
    }
   }

   Frame Bip01_DressFront {
    

    FrameTransformMatrix {
     -0.440029,-0.213192,0.872309,0.000000,0.289781,0.885727,0.362649,0.000000,-0.849942,0.412355,-0.327967,0.000000,-0.012271,-0.001460,0.079667,1.000000;;
    }

    Frame Bip01_DressFront02 {
     

     FrameTransformMatrix {
      0.703843,-0.285854,0.650302,0.000000,0.366935,0.930173,0.011731,0.000000,-0.608246,0.230362,0.759585,0.000000,0.183404,-0.000030,-0.000100,1.000000;;
     }

     Frame Bip01_DressFrontNub {
      

      FrameTransformMatrix {
       0.000796,-0.000003,1.000000,0.000000,0.000042,-1.000000,-0.000003,0.000000,1.000000,0.000042,-0.000796,0.000000,0.165302,0.000000,0.000000,1.000000;;
      }
     }
    }
   }

   Frame Bip01_DressBack {
    

    FrameTransformMatrix {
     -0.476564,-0.006691,0.879114,0.000000,0.638457,0.684799,0.351317,0.000000,-0.604367,0.728702,-0.322079,0.000000,-0.047648,-0.000102,-0.078374,1.000000;;
    }

    Frame Bip01_DressBack02 {
     

     FrameTransformMatrix {
      0.845555,-0.418654,0.331308,0.000000,0.470429,0.877676,-0.091549,0.000000,-0.252454,0.233267,0.939071,0.000000,0.176186,-0.000025,-0.000102,1.000000;;
     }

     Frame Bip01_DressBackNub {
      

      FrameTransformMatrix {
       0.000796,-0.000003,1.000000,0.000000,0.000003,-1.000000,-0.000003,0.000000,1.000000,0.000003,-0.000796,0.000000,0.136508,0.000000,0.000000,1.000000;;
      }
     }
    }
   }
  }

  Frame Bip01_Prop1 {
   

   FrameTransformMatrix {
    -0.767302,0.362337,0.529111,0.000000,-0.628016,-0.591543,-0.505641,0.000000,0.129780,-0.720270,0.681446,0.000000,-0.086746,0.021321,-0.240072,1.000000;;
   }
  }

  Frame Bip01_Prop2 {
   

   FrameTransformMatrix {
    -0.349777,0.284187,0.892689,0.000000,-0.658957,-0.751945,-0.018814,0.000000,0.665907,-0.594825,0.450280,0.000000,-0.092180,-0.074425,0.182112,1.000000;;
   }
  }
 }

 Mesh Mesh {
  617;
  0.098451;0.627217;0.014846;,
  0.082613;0.615312;0.058258;,
  0.074326;0.605203;0.023915;,
  0.073751;0.598177;0.070339;,
  0.048958;0.582013;0.035633;,
  0.067660;0.583367;0.079077;,
  0.034081;0.553232;0.052440;,
  0.067074;0.547859;0.086995;,
  0.131529;0.623937;0.054040;,
  0.140236;0.634811;0.011549;,
  0.159428;0.609477;0.060283;,
  0.164367;0.607329;0.029484;,
  0.071790;0.340815;0.045694;,
  0.057165;0.360192;0.087324;,
  0.081258;0.359711;0.047128;,
  0.066232;0.375233;0.081031;,
  0.019549;0.381510;0.086960;,
  0.028333;0.414064;0.076344;,
  -0.027689;0.393184;0.041179;,
  0.005223;0.432876;0.048637;,
  -0.014143;0.390154;0.070644;,
  0.043352;0.581494;-0.005033;,
  0.022368;0.550957;-0.000757;,
  0.071104;0.340669;0.003456;,
  0.081592;0.359910;0.004236;,
  0.138119;0.471309;-0.004150;,
  0.137476;0.474771;0.047943;,
  0.156101;0.505866;-0.008401;,
  0.157045;0.513042;0.048324;,
  -0.142935;0.403728;0.065380;,
  -0.047155;0.395503;0.058374;,
  -0.145229;0.372500;0.101088;,
  -0.044540;0.358199;0.090721;,
  -0.235425;0.406430;0.065380;,
  -0.237975;0.360016;0.090954;,
  -0.043082;0.290302;0.003894;,
  -0.043700;0.384436;0.009417;,
  -0.144363;0.306000;0.016768;,
  -0.143541;0.381961;0.015951;,
  -0.236972;0.325089;0.034599;,
  -0.238840;0.367497;0.034667;,
  -0.049895;0.298525;0.081779;,
  -0.144752;0.307880;0.096694;,
  -0.234445;0.322407;0.075230;,
  -0.515152;0.343699;0.043036;,
  -0.509427;0.320737;0.081315;,
  -0.508569;0.298725;0.025222;,
  -0.504460;0.283217;0.056172;,
  -0.364894;0.377917;0.063761;,
  -0.290890;0.381524;0.064962;,
  -0.366348;0.347269;0.090948;,
  -0.291789;0.350675;0.094331;,
  -0.445833;0.372055;0.067768;,
  -0.444371;0.340833;0.080999;,
  -0.292804;0.307077;0.019795;,
  -0.308768;0.360432;0.022068;,
  -0.357971;0.313410;0.026996;,
  -0.367032;0.354897;0.032551;,
  -0.434198;0.325675;0.044743;,
  -0.454630;0.355558;0.047800;,
  -0.285341;0.301736;0.091523;,
  -0.359447;0.309401;0.088944;,
  -0.428347;0.321502;0.067877;,
  0.000319;0.358832;0.090533;,
  -0.056016;0.367064;-0.003342;,
  -0.038501;0.399780;-0.000327;,
  -0.043700;0.384436;0.009417;,
  0.030868;0.313566;0.091681;,
  0.048456;0.297088;0.041669;,
  -0.025410;0.293049;0.081974;,
  -0.006784;0.276889;0.036272;,
  0.113233;0.427299;0.048151;,
  0.122350;0.481243;0.080399;,
  0.059248;0.513945;0.087891;,
  0.108811;0.492496;0.092212;,
  0.047130;0.460985;0.075075;,
  0.091960;0.439108;0.080946;,
  0.022699;0.522422;0.055450;,
  0.018177;0.468089;0.053493;,
  0.009808;0.463737;0.005161;,
  0.013465;0.522772;0.001126;,
  0.084564;0.561203;0.075323;,
  0.104213;0.566709;0.125115;,
  0.135945;0.528555;0.135230;,
  0.116257;0.508988;0.082132;,
  0.150673;0.475347;0.089281;,
  0.166956;0.490091;0.132591;,
  0.167723;0.537757;0.052313;,
  0.136601;0.578096;0.048514;,
  0.116257;0.508988;0.082132;,
  0.195773;0.485945;0.067323;,
  0.150673;0.475347;0.089281;,
  0.155761;0.594563;0.094857;,
  0.144851;0.584806;0.052429;,
  0.187355;0.557646;0.105443;,
  0.212107;0.500500;0.110508;,
  0.128871;0.582381;0.118594;,
  0.137274;0.460620;0.093464;,
  0.157080;0.479715;0.143896;,
  0.128436;0.408520;0.123290;,
  0.141327;0.423056;0.154434;,
  0.124825;0.368783;0.138388;,
  0.132160;0.374937;0.163347;,
  0.196026;0.446067;0.075228;,
  0.137274;0.460620;0.093464;,
  0.183863;0.397129;0.114807;,
  0.128436;0.408520;0.123290;,
  0.162311;0.357611;0.138571;,
  0.124825;0.368783;0.138388;,
  0.215750;0.465142;0.125351;,
  0.193477;0.408640;0.138663;,
  0.166751;0.363352;0.154419;,
  0.075241;0.305945;0.189691;,
  0.067789;0.292858;0.205723;,
  0.122767;0.298404;0.191461;,
  0.114924;0.285715;0.207229;,
  0.068326;0.332090;0.203519;,
  0.064778;0.337294;0.194237;,
  0.071966;0.340963;0.208912;,
  0.063609;0.347968;0.198797;,
  0.133791;0.309888;0.192927;,
  0.143115;0.322105;0.158872;,
  0.095109;0.345327;0.187181;,
  0.100635;0.347243;0.152907;,
  0.156960;0.347824;0.182920;,
  0.136685;0.318167;0.210848;,
  0.099945;0.352820;0.204984;,
  0.113254;0.375255;0.176650;,
  0.109691;0.633086;0.090360;,
  0.136665;0.622013;0.084006;,
  0.131529;0.623937;0.054040;,
  0.108930;0.627242;0.053977;,
  0.144766;0.524680;0.085518;,
  0.114244;0.637108;0.023417;,
  0.082613;0.615312;0.058258;,
  0.084271;0.621438;0.089343;,
  0.073751;0.598177;0.070339;,
  0.078387;0.590666;0.096333;,
  0.165234;0.552495;0.044621;,
  0.152980;0.573312;0.080624;,
  0.151053;0.578969;0.082597;,
  0.153658;0.601361;-0.016293;,
  0.161878;0.541994;-0.012447;,
  0.159428;0.609477;0.060283;,
  0.151053;0.578969;0.082597;,
  0.139234;0.572362;0.085374;,
  0.093037;0.568791;0.077922;,
  0.084564;0.561203;0.075323;,
  0.113641;0.532280;0.089644;,
  0.079493;0.539959;0.084895;,
  0.067660;0.583367;0.079077;,
  0.129958;0.530154;0.093861;,
  0.100635;0.347243;0.152907;,
  0.129945;0.672188;0.008593;,
  0.110047;0.667468;0.018349;,
  0.142564;0.633255;-0.017733;,
  0.137480;0.673591;-0.017652;,
  0.099945;0.352820;0.204984;,
  0.114924;0.285715;0.207229;,
  0.067789;0.292858;0.205723;,
  0.073353;0.338713;0.176274;,
  0.076987;0.360110;0.190416;,
  0.073353;0.338713;0.176274;,
  0.082125;0.333595;0.190892;,
  0.095045;0.352105;0.200702;,
  0.095045;0.352105;0.200702;,
  0.064778;0.337294;0.194237;,
  0.063609;0.347968;0.198797;,
  0.071966;0.340963;0.208912;,
  -0.508360;0.435521;0.111098;,
  -0.496921;0.388885;0.121458;,
  -0.527404;0.438191;0.116528;,
  -0.518459;0.389136;0.130784;,
  -0.508569;0.298725;0.025222;,
  -0.477435;0.315275;0.025224;,
  -0.515152;0.343699;0.043036;,
  -0.491049;0.350670;0.041787;,
  -0.428347;0.321502;0.067877;,
  -0.434198;0.325675;0.044743;,
  -0.469560;0.297487;0.062059;,
  -0.504460;0.283217;0.056172;,
  -0.509427;0.320737;0.081315;,
  -0.475177;0.328178;0.081784;,
  -0.445833;0.372055;0.067768;,
  -0.444371;0.340833;0.080999;,
  -0.530265;0.444794;0.080774;,
  -0.513329;0.438260;0.082078;,
  -0.518459;0.389136;0.130784;,
  -0.530265;0.444794;0.080774;,
  -0.143541;0.381961;0.015951;,
  -0.238840;0.367497;0.034667;,
  -0.308768;0.360432;0.022068;,
  -0.367032;0.354897;0.032551;,
  -0.454630;0.355558;0.047800;,
  -0.454630;0.355558;0.047800;,
  -0.033385;0.320264;-0.004539;,
  0.067572;0.658458;0.018897;,
  0.083907;0.668692;0.028332;,
  0.072039;0.652010;0.010866;,
  0.093958;0.660654;0.011194;,
  0.101070;0.693544;0.020221;,
  0.118267;0.708714;0.012691;,
  0.033525;0.796222;-0.033634;,
  0.032956;0.793471;-0.013620;,
  0.011649;0.775915;-0.034125;,
  0.007048;0.745832;-0.001606;,
  0.007742;0.716773;0.004552;,
  0.003467;0.712262;-0.012598;,
  0.078352;0.696434;0.030869;,
  0.057519;0.676999;0.022305;,
  0.083708;0.735071;0.029353;,
  0.088938;0.682062;0.026148;,
  0.042422;0.770123;0.022145;,
  0.059373;0.737389;0.027236;,
  0.019032;0.758682;0.012037;,
  0.036072;0.724379;0.021736;,
  0.115751;0.757009;0.017160;,
  0.098040;0.743633;0.027436;,
  0.102628;0.798951;-0.027027;,
  0.129840;0.758298;-0.020984;,
  0.090349;0.796521;0.005086;,
  0.025120;0.689869;0.009417;,
  0.044111;0.703358;0.024738;,
  0.048387;0.662712;0.013144;,
  0.046446;0.634568;0.000610;,
  0.040583;0.626679;-0.018983;,
  0.061096;0.631529;-0.017355;,
  0.009730;0.766557;-0.007574;,
  0.034629;0.785498;0.007043;,
  0.071867;0.789166;0.019134;,
  0.059452;0.801617;0.003236;,
  0.068624;0.808913;-0.031208;,
  0.065438;0.807457;-0.014028;,
  0.130845;0.718277;-0.017599;,
  0.071867;0.789166;0.019134;,
  0.059452;0.801617;0.003236;,
  0.083752;0.731642;0.045486;,
  0.076295;0.699289;0.036740;,
  0.070568;0.746524;0.037857;,
  0.072296;0.726750;0.032482;,
  0.083752;0.731642;0.045486;,
  0.076295;0.699289;0.036740;,
  0.070568;0.746524;0.037857;,
  0.060560;0.712394;0.029921;,
  0.059373;0.737389;0.027236;,
  0.078352;0.696434;0.030869;,
  0.018181;0.710843;0.006714;,
  0.060560;0.712394;0.029921;,
  0.114244;0.637108;0.023417;,
  0.110047;0.667468;0.018349;,
  0.108930;0.627242;0.053977;,
  0.101070;0.693544;0.020221;,
  0.061643;0.601257;-0.008168;,
  0.074734;0.620942;-0.010839;,
  0.003051;0.435453;0.005250;,
  0.049024;0.297985;-0.000427;,
  0.020882;0.278596;-0.003374;,
  -0.001862;0.272953;-0.005357;,
  0.074171;0.642198;-0.014096;,
  -0.033385;0.320264;-0.004539;,
  0.068624;0.808913;-0.031208;,
  0.065438;0.807457;-0.014028;,
  0.031663;0.662769;-0.002550;,
  0.018847;0.681459;-0.012955;,
  0.021554;0.672272;-0.011737;,
  0.002949;0.763100;-0.033930;,
  -0.002741;0.738344;-0.032456;,
  0.015160;0.706559;-0.013073;,
  0.112694;0.423981;0.000782;,
  0.108930;0.627242;0.053977;,
  -0.527404;0.438191;0.116528;,
  0.033957;0.656569;-0.002413;,
  0.028742;0.651835;-0.010269;,
  0.030711;0.657496;-0.010727;,
  0.006888;0.673888;-0.026199;,
  0.018366;0.668737;-0.024641;,
  0.024979;0.659693;-0.011729;,
  0.027809;0.648452;-0.022038;,
  0.031274;0.656666;-0.022371;,
  -0.000808;0.707751;-0.029747;,
  0.005736;0.700073;-0.028468;,
  0.139234;0.572362;0.085374;,
  0.022535;0.657673;-0.023318;,
  0.108333;0.566672;0.071744;,
  0.093037;0.568791;0.077922;,
  0.067660;0.583367;0.079077;,
  0.098040;0.743633;0.027436;,
  -0.272888;0.420115;0.030340;,
  -0.290890;0.381524;0.064962;,
  -0.344296;0.397162;0.039250;,
  -0.364894;0.377917;0.063761;,
  -0.232379;0.435350;0.035808;,
  -0.235425;0.406430;0.065380;,
  -0.143375;0.422828;0.017192;,
  -0.142935;0.403728;0.065380;,
  -0.057075;0.413582;0.008498;,
  -0.047155;0.395503;0.058374;,
  -0.027689;0.393184;0.041179;,
  -0.445833;0.372055;0.067768;,
  -0.413637;0.382915;0.041835;,
  -0.426499;0.281728;0.027489;,
  -0.356641;0.284875;0.025022;,
  -0.352416;0.298228;-0.016897;,
  -0.282174;0.315925;-0.014841;,
  -0.294377;0.292918;0.023148;,
  -0.218707;0.339802;-0.006163;,
  -0.238282;0.295325;0.025103;,
  -0.151533;0.355926;-0.005720;,
  -0.143894;0.291219;0.014505;,
  -0.096058;0.312338;-0.006962;,
  -0.001282;0.268650;-0.006099;,
  0.108333;0.566672;0.071744;,
  0.070026;0.582534;-0.090374;,
  0.081439;0.600887;-0.083216;,
  0.068495;0.600114;-0.042190;,
  0.093533;0.622924;-0.040909;,
  0.052841;0.535396;-0.093261;,
  0.053723;0.570072;-0.091432;,
  0.025602;0.545806;-0.054955;,
  0.041788;0.575754;-0.045654;,
  0.156156;0.600162;-0.063602;,
  0.135148;0.630370;-0.046127;,
  0.148924;0.596594;-0.090798;,
  0.130753;0.610273;-0.078880;,
  0.072792;0.380943;-0.071589;,
  0.068018;0.369685;-0.078749;,
  0.084935;0.362912;-0.038409;,
  0.077262;0.345602;-0.038043;,
  0.034440;0.419379;-0.065720;,
  0.030515;0.391103;-0.080851;,
  0.008945;0.436116;-0.037947;,
  -0.003837;0.396934;-0.068545;,
  -0.022347;0.397856;-0.040559;,
  0.081592;0.359910;0.004236;,
  0.071104;0.340669;0.003456;,
  0.148097;0.505206;-0.065003;,
  0.130509;0.468638;-0.055720;,
  0.156101;0.505866;-0.008401;,
  0.138119;0.471309;-0.004150;,
  -0.029219;0.385673;-0.090077;,
  -0.015571;0.413811;-0.056060;,
  -0.108022;0.457972;-0.093601;,
  -0.088743;0.480013;-0.056211;,
  -0.191344;0.498717;-0.080084;,
  -0.183772;0.536213;-0.051434;,
  -0.101024;0.458506;-0.008211;,
  -0.016309;0.405239;-0.006057;,
  -0.143569;0.395797;-0.013579;,
  -0.051521;0.319597;-0.008409;,
  -0.189126;0.501557;-0.023435;,
  -0.191545;0.465422;-0.026464;,
  -0.143211;0.403595;-0.093145;,
  -0.054941;0.337544;-0.084780;,
  -0.191275;0.465503;-0.067255;,
  -0.389560;0.302271;-0.041310;,
  -0.416025;0.338877;-0.046224;,
  -0.381852;0.307538;-0.007725;,
  -0.408030;0.348473;-0.002992;,
  -0.232724;0.465547;-0.081563;,
  -0.244449;0.491380;-0.049779;,
  -0.295614;0.425793;-0.074740;,
  -0.306944;0.451831;-0.045172;,
  -0.362008;0.381821;-0.062702;,
  -0.374108;0.407738;-0.042749;,
  -0.294949;0.429234;-0.015947;,
  -0.246085;0.462157;-0.007973;,
  -0.266418;0.397334;-0.014373;,
  -0.206057;0.423488;-0.011013;,
  -0.363360;0.384990;-0.025294;,
  -0.337460;0.369290;-0.031801;,
  -0.271023;0.396152;-0.076286;,
  -0.203074;0.426012;-0.083220;,
  -0.336035;0.370588;-0.056324;,
  0.012080;0.369120;-0.089438;,
  -0.016309;0.405239;-0.006057;,
  0.053928;0.301875;-0.042068;,
  0.042855;0.324051;-0.091743;,
  -0.011277;0.293967;-0.042194;,
  -0.025192;0.318207;-0.086868;,
  0.111143;0.471378;-0.086334;,
  0.108839;0.423405;-0.046496;,
  0.084606;0.432590;-0.077471;,
  0.096068;0.481277;-0.097393;,
  0.040481;0.455092;-0.068156;,
  0.047371;0.503489;-0.088822;,
  0.013651;0.464077;-0.044013;,
  0.015419;0.516012;-0.052877;,
  0.125580;0.507560;-0.164036;,
  0.102290;0.548533;-0.145494;,
  0.089081;0.540111;-0.094014;,
  0.150422;0.465712;-0.169542;,
  0.138119;0.448667;-0.125771;,
  0.110467;0.484946;-0.110649;,
  0.110467;0.484946;-0.110649;,
  0.146393;0.545735;-0.074125;,
  0.169599;0.501954;-0.086572;,
  0.138119;0.448667;-0.125771;,
  0.186291;0.447682;-0.111064;,
  0.155016;0.551560;-0.078613;,
  0.184705;0.524895;-0.139950;,
  0.161413;0.564578;-0.121087;,
  0.198616;0.464505;-0.154744;,
  0.129859;0.559463;-0.141412;,
  0.105564;0.411333;-0.192639;,
  0.136361;0.460789;-0.179411;,
  0.094541;0.395694;-0.161312;,
  0.120637;0.439502;-0.128421;,
  0.083245;0.368111;-0.204171;,
  0.081313;0.356924;-0.179274;,
  0.094541;0.395694;-0.161312;,
  0.120637;0.439502;-0.128421;,
  0.146021;0.370941;-0.164646;,
  0.176104;0.409629;-0.123135;,
  0.081313;0.356924;-0.179274;,
  0.113424;0.343773;-0.192001;,
  0.154309;0.383343;-0.188554;,
  0.191772;0.430882;-0.173809;,
  0.114833;0.348817;-0.204054;,
  0.021471;0.311255;-0.277851;,
  -0.019201;0.322489;-0.255612;,
  0.032149;0.298894;-0.263558;,
  -0.008751;0.310092;-0.240745;,
  0.000466;0.340025;-0.202592;,
  0.003735;0.328972;-0.204391;,
  0.002280;0.339486;-0.217345;,
  0.001892;0.328654;-0.215451;,
  0.055946;0.330068;-0.185243;,
  0.088900;0.319308;-0.220886;,
  0.033392;0.340242;-0.209670;,
  0.063119;0.319315;-0.247927;,
  0.056351;0.334246;-0.259301;,
  0.088462;0.354663;-0.234350;,
  0.054642;0.367088;-0.196883;,
  0.028337;0.354856;-0.222214;,
  0.143847;0.599892;-0.105341;,
  0.118011;0.608755;-0.117470;,
  0.109180;0.613029;-0.081040;,
  0.130753;0.610273;-0.078880;,
  0.130038;0.511784;-0.101006;,
  0.107459;0.631186;-0.053500;,
  0.085386;0.568556;-0.115930;,
  0.092059;0.598190;-0.116415;,
  0.070026;0.582534;-0.090374;,
  0.081439;0.600887;-0.083216;,
  0.137129;0.561496;-0.108025;,
  0.139015;0.556407;-0.105646;,
  0.155110;0.543658;-0.070151;,
  0.161878;0.541994;-0.012447;,
  0.153658;0.601361;-0.016293;,
  0.148924;0.596594;-0.090798;,
  0.137129;0.561496;-0.108025;,
  0.089081;0.540111;-0.094014;,
  0.082591;0.554045;-0.092300;,
  0.127586;0.554402;-0.106147;,
  0.065517;0.527721;-0.092112;,
  0.098578;0.519089;-0.101133;,
  0.053723;0.570072;-0.091432;,
  0.114054;0.516227;-0.107557;,
  0.055946;0.330068;-0.185243;,
  0.109761;0.661920;-0.051535;,
  0.129733;0.668085;-0.043107;,
  0.137480;0.673591;-0.017652;,
  0.142564;0.633255;-0.017733;,
  0.028337;0.354856;-0.222214;,
  -0.019201;0.322489;-0.255612;,
  0.021471;0.311255;-0.277851;,
  0.016361;0.350686;-0.197092;,
  0.020412;0.325281;-0.194071;,
  0.020258;0.328250;-0.211621;,
  0.020412;0.325281;-0.194071;,
  0.026366;0.351484;-0.216973;,
  0.026366;0.351484;-0.216973;,
  0.000466;0.340025;-0.202592;,
  0.003735;0.328972;-0.204391;,
  0.002280;0.339486;-0.217345;,
  -0.466040;0.406412;-0.058254;,
  -0.443530;0.413052;-0.058618;,
  -0.479476;0.442993;-0.024035;,
  -0.460308;0.447313;-0.027671;,
  -0.389291;0.364323;-0.008358;,
  -0.360444;0.335030;-0.013124;,
  -0.408030;0.348473;-0.002992;,
  -0.381852;0.307538;-0.007725;,
  -0.337460;0.369290;-0.031801;,
  -0.367322;0.330584;-0.053964;,
  -0.336035;0.370588;-0.056324;,
  -0.389843;0.359702;-0.056688;,
  -0.416025;0.338877;-0.046224;,
  -0.389560;0.302271;-0.041310;,
  -0.362008;0.381821;-0.062702;,
  -0.374108;0.407738;-0.042749;,
  -0.450872;0.441361;-0.000287;,
  -0.466005;0.439862;0.009711;,
  -0.466005;0.439862;0.009711;,
  -0.466040;0.406412;-0.058254;,
  -0.101024;0.458506;-0.008211;,
  -0.189126;0.501557;-0.023435;,
  -0.246085;0.462157;-0.007973;,
  -0.294949;0.429234;-0.015947;,
  -0.363360;0.384990;-0.025294;,
  -0.363360;0.384990;-0.025294;,
  0.093737;0.656357;-0.042940;,
  0.092949;0.661165;-0.063135;,
  0.077645;0.647343;-0.045845;,
  0.074929;0.652333;-0.055527;,
  0.124247;0.703736;-0.047800;,
  0.108602;0.687274;-0.055974;,
  0.036815;0.790258;-0.052661;,
  0.033525;0.796222;-0.033634;,
  0.006792;0.709494;-0.046237;,
  0.014393;0.711236;-0.062727;,
  0.012980;0.740894;-0.061610;,
  0.066029;0.669915;-0.063782;,
  0.088438;0.688037;-0.071162;,
  0.097672;0.674791;-0.062208;,
  0.094015;0.726491;-0.074909;,
  0.045642;0.716412;-0.075073;,
  0.069773;0.728732;-0.077969;,
  0.027593;0.751556;-0.074558;,
  0.052682;0.761582;-0.081640;,
  0.107835;0.735477;-0.071653;,
  0.123421;0.750622;-0.060425;,
  0.129840;0.758298;-0.020984;,
  0.096791;0.791157;-0.060089;,
  0.102628;0.798951;-0.027027;,
  0.055062;0.657155;-0.054382;,
  0.053773;0.695314;-0.073011;,
  0.031952;0.684181;-0.059698;,
  0.050270;0.631385;-0.038076;,
  0.014781;0.762352;-0.058669;,
  0.066211;0.795991;-0.065134;,
  0.042347;0.779073;-0.071036;,
  0.081280;0.781331;-0.076084;,
  0.068818;0.804643;-0.048214;,
  0.068624;0.808913;-0.031208;,
  0.130845;0.718277;-0.017599;,
  0.081280;0.781331;-0.076084;,
  0.066211;0.795991;-0.065134;,
  0.083298;0.717590;-0.078809;,
  0.087608;0.689871;-0.077703;,
  0.082965;0.736205;-0.087546;,
  0.097141;0.720496;-0.089952;,
  0.087608;0.689871;-0.077703;,
  0.097141;0.720496;-0.089952;,
  0.082965;0.736205;-0.087546;,
  0.069773;0.728732;-0.077969;,
  0.071059;0.703654;-0.076288;,
  0.088438;0.688037;-0.071162;,
  0.024956;0.705202;-0.061829;,
  0.071059;0.703654;-0.076288;,
  0.109761;0.661920;-0.051535;,
  0.107459;0.631186;-0.053500;,
  0.109180;0.613029;-0.081040;,
  0.108602;0.687274;-0.055974;,
  0.049024;0.297985;-0.000427;,
  0.020882;0.278596;-0.003374;,
  -0.001862;0.272953;-0.005357;,
  -0.033385;0.320264;-0.004539;,
  0.068818;0.804643;-0.048214;,
  0.068624;0.808913;-0.031208;,
  0.024059;0.670186;-0.037076;,
  0.035608;0.659485;-0.042460;,
  0.021314;0.679405;-0.037913;,
  0.018077;0.704131;-0.042580;,
  0.112694;0.423981;0.000782;,
  0.109180;0.613029;-0.081040;,
  -0.479476;0.442993;-0.024035;,
  0.031067;0.649900;-0.033790;,
  0.037785;0.653381;-0.041142;,
  0.032999;0.655590;-0.033880;,
  0.027219;0.657828;-0.034382;,
  0.127586;0.554402;-0.106147;,
  0.098354;0.552343;-0.087846;,
  0.082591;0.554045;-0.092300;,
  0.053723;0.570072;-0.091432;,
  0.107835;0.735477;-0.071653;,
  -0.334753;0.462484;-0.004692;,
  -0.265417;0.495595;-0.000520;,
  -0.340855;0.431946;0.018947;,
  -0.268465;0.456489;0.015906;,
  -0.191647;0.521522;-0.007071;,
  -0.211829;0.480434;0.019860;,
  -0.108386;0.469817;-0.005711;,
  -0.134319;0.447756;0.009201;,
  -0.029745;0.428069;-0.009391;,
  -0.054873;0.420331;-0.000509;,
  -0.022347;0.397856;-0.040559;,
  -0.038501;0.399780;-0.000327;,
  -0.400788;0.433074;-0.001910;,
  -0.403448;0.414096;0.023280;,
  -0.336032;0.370587;-0.056310;,
  -0.328440;0.335843;-0.009797;,
  -0.271023;0.396152;-0.076286;,
  -0.263317;0.372218;-0.014992;,
  -0.203074;0.426012;-0.083220;,
  -0.202707;0.408494;-0.019053;,
  -0.192855;0.436352;-0.019229;,
  -0.191275;0.465503;-0.067255;,
  -0.143211;0.403595;-0.093145;,
  -0.153395;0.381399;-0.011997;,
  0.020882;0.278596;-0.003374;,
  -0.011277;0.293967;-0.042194;,
  0.098354;0.552343;-0.087846;,
  -0.015571;0.413811;-0.056060;,
  -0.088743;0.480013;-0.056211;,
  -0.183772;0.536213;-0.051434;,
  -0.244449;0.491380;-0.049779;,
  -0.306944;0.451831;-0.045172;,
  -0.374108;0.407738;-0.042749;,
  -0.144752;0.307880;0.096694;,
  -0.049895;0.298525;0.081779;,
  -0.006784;0.276889;0.036272;,
  -0.234445;0.322407;0.075230;,
  -0.285341;0.301736;0.091523;,
  -0.359447;0.309401;0.088944;,
  -0.428347;0.321502;0.067877;,
  -0.054941;0.337544;-0.084780;;
  916;
  3;0,2,1;,
  3;3,1,2;,
  3;4,6,5;,
  3;7,5,6;,
  3;8,10,9;,
  3;11,9,10;,
  3;12,14,13;,
  3;15,13,14;,
  3;16,13,17;,
  3;15,17,13;,
  3;18,20,19;,
  3;17,19,20;,
  3;21,22,4;,
  3;6,4,22;,
  3;23,24,12;,
  3;14,12,24;,
  3;25,27,26;,
  3;28,26,27;,
  3;29,31,30;,
  3;32,30,31;,
  3;29,33,31;,
  3;34,31,33;,
  3;35,37,36;,
  3;38,36,37;,
  3;37,39,38;,
  3;40,38,39;,
  3;41,42,35;,
  3;37,35,42;,
  3;42,43,37;,
  3;39,37,43;,
  3;32,31,41;,
  3;42,41,31;,
  3;31,34,42;,
  3;43,42,34;,
  3;44,46,45;,
  3;47,45,46;,
  3;48,50,49;,
  3;51,49,50;,
  3;52,53,48;,
  3;50,48,53;,
  3;54,56,55;,
  3;57,55,56;,
  3;56,58,57;,
  3;59,57,58;,
  3;60,61,54;,
  3;56,54,61;,
  3;61,62,56;,
  3;58,56,62;,
  3;51,50,60;,
  3;61,60,50;,
  3;50,53,61;,
  3;62,61,53;,
  3;63,20,32;,
  3;30,32,20;,
  3;64,66,65;,
  3;18,65,66;,
  3;13,67,12;,
  3;68,12,67;,
  3;67,69,68;,
  3;70,68,69;,
  3;69,41,70;,
  3;35,70,41;,
  3;51,34,49;,
  3;33,49,34;,
  3;60,43,51;,
  3;34,51,43;,
  3;60,54,43;,
  3;39,43,54;,
  3;54,55,39;,
  3;40,39,55;,
  3;16,63,13;,
  3;67,13,63;,
  3;63,32,67;,
  3;69,67,32;,
  3;32,41,69;,
  3;26,72,71;,
  3;73,75,74;,
  3;76,74,75;,
  3;73,77,75;,
  3;78,75,77;,
  3;79,78,80;,
  3;77,80,78;,
  3;81,83,82;,
  3;84,85,83;,
  3;86,83,85;,
  3;87,89,88;,
  3;87,90,89;,
  3;91,89,90;,
  3;92,94,93;,
  3;94,87,93;,
  3;87,88,93;,
  3;94,95,87;,
  3;90,87,95;,
  3;83,94,96;,
  3;83,86,94;,
  3;95,94,86;,
  3;97,99,98;,
  3;100,98,99;,
  3;99,101,100;,
  3;102,100,101;,
  3;103,105,104;,
  3;106,104,105;,
  3;105,107,106;,
  3;108,106,107;,
  3;109,110,103;,
  3;105,103,110;,
  3;110,111,105;,
  3;107,105,111;,
  3;98,100,109;,
  3;110,109,100;,
  3;100,102,110;,
  3;111,110,102;,
  3;112,114,113;,
  3;115,113,114;,
  3;116,118,117;,
  3;119,117,118;,
  3;120,122,121;,
  3;123,121,122;,
  3;124,125,121;,
  3;120,121,125;,
  3;126,125,127;,
  3;124,127,125;,
  3;86,98,95;,
  3;109,95,98;,
  3;85,97,86;,
  3;98,86,97;,
  3;103,104,90;,
  3;91,90,104;,
  3;90,95,103;,
  3;109,103,95;,
  3;128,96,129;,
  3;92,129,96;,
  3;129,130,128;,
  3;131,128,130;,
  3;26,28,72;,
  3;132,72,28;,
  3;9,133,8;,
  3;134,136,135;,
  3;137,135,136;,
  3;135,137,82;,
  3;138,11,139;,
  3;11,10,139;,
  3;10,140,139;,
  3;141,11,142;,
  3;138,142,11;,
  3;143,130,129;,
  3;93,144,92;,
  3;144,143,92;,
  3;143,129,92;,
  3;145,88,146;,
  3;147,146,88;,
  3;74,148,73;,
  3;149,73,148;,
  3;146,147,150;,
  3;73,149,7;,
  3;74,151,148;,
  3;101,152,102;,
  3;127,102,152;,
  3;127,124,102;,
  3;111,102,124;,
  3;124,121,111;,
  3;107,111,121;,
  3;123,108,121;,
  3;107,121,108;,
  3;153,154,9;,
  3;133,9,154;,
  3;9,155,153;,
  3;156,153,155;,
  3;114,112,120;,
  3;122,120,112;,
  3;112,113,122;,
  3;157,122,113;,
  3;158,125,159;,
  3;126,159,125;,
  3;114,120,158;,
  3;125,158,120;,
  3;152,160,127;,
  3;161,127,160;,
  3;123,122,162;,
  3;163,162,122;,
  3;157,164,122;,
  3;163,122,164;,
  3;126,127,165;,
  3;161,165,127;,
  3;160,166,161;,
  3;167,161,166;,
  3;163,116,162;,
  3;117,162,116;,
  3;164,118,163;,
  3;116,163,118;,
  3;161,167,165;,
  3;168,165,167;,
  3;169,171,170;,
  3;172,170,171;,
  3;173,175,174;,
  3;176,174,175;,
  3;177,179,178;,
  3;174,178,179;,
  3;180,179,181;,
  3;182,181,179;,
  3;169,170,183;,
  3;184,183,170;,
  3;185,186,175;,
  3;176,175,186;,
  3;45,187,44;,
  3;188,44,187;,
  3;182,170,181;,
  3;172,181,170;,
  3;66,30,18;,
  3;18,30,20;,
  3;189,29,30;,
  3;189,190,29;,
  3;33,29,190;,
  3;190,191,33;,
  3;49,33,191;,
  3;192,48,191;,
  3;49,191,48;,
  3;193,52,192;,
  3;48,192,52;,
  3;186,169,194;,
  3;183,194,169;,
  3;186,185,169;,
  3;171,169,185;,
  3;194,176,186;,
  3;178,174,194;,
  3;176,194,174;,
  3;180,173,179;,
  3;174,179,173;,
  3;184,182,177;,
  3;179,177,182;,
  3;184,170,182;,
  3;20,16,17;,
  3;20,63,16;,
  3;64,195,66;,
  3;196,198,197;,
  3;199,197,198;,
  3;154,153,200;,
  3;201,200,153;,
  3;202,204,203;,
  3;205,207,206;,
  3;208,209,197;,
  3;196,197,209;,
  3;210,208,211;,
  3;197,211,208;,
  3;212,214,213;,
  3;215,213,214;,
  3;210,212,213;,
  3;216,217,201;,
  3;200,201,217;,
  3;218,220,219;,
  3;216,219,220;,
  3;197,199,211;,
  3;205,206,214;,
  3;221,223,222;,
  3;224,198,196;,
  3;225,226,224;,
  3;198,224,226;,
  3;205,214,227;,
  3;212,229,228;,
  3;230,228,229;,
  3;231,232,218;,
  3;212,228,214;,
  3;233,201,156;,
  3;153,156,201;,
  3;219,216,233;,
  3;201,233,216;,
  3;234,216,220;,
  3;234,220,235;,
  3;236,238,237;,
  3;239,237,238;,
  3;210,240,208;,
  3;241,208,240;,
  3;213,242,210;,
  3;240,210,242;,
  3;243,239,244;,
  3;238,244,239;,
  3;245,237,243;,
  3;239,243,237;,
  3;221,222,246;,
  3;215,246,222;,
  3;247,213,222;,
  3;215,222,213;,
  3;0,248,199;,
  3;249,199,248;,
  3;250,8,133;,
  3;251,211,249;,
  3;199,249,211;,
  3;251,210,211;,
  3;252,2,253;,
  3;0,253,2;,
  3;19,254,18;,
  3;65,18,254;,
  3;12,68,23;,
  3;255,23,68;,
  3;70,256,68;,
  3;255,68,256;,
  3;70,35,256;,
  3;257,256,35;,
  3;253,0,258;,
  3;199,258,0;,
  3;35,259,257;,
  3;36,259,35;,
  3;260,202,261;,
  3;203,261,202;,
  3;221,263,262;,
  3;264,262,263;,
  3;226,258,198;,
  3;199,198,258;,
  3;227,204,265;,
  3;266,205,265;,
  3;227,265,205;,
  3;246,267,221;,
  3;263,221,267;,
  3;147,88,89;,
  3;84,83,81;,
  3;19,17,78;,
  3;75,78,17;,
  3;17,15,75;,
  3;76,75,15;,
  3;14,71,15;,
  3;76,15,71;,
  3;24,268,14;,
  3;71,14,268;,
  3;0,269,248;,
  3;1,269,0;,
  3;135,128,134;,
  3;131,134,128;,
  3;82,96,135;,
  3;128,135,96;,
  3;82,83,96;,
  3;92,96,94;,
  3;66,189,30;,
  3;246,215,206;,
  3;246,206,267;,
  3;207,267,206;,
  3;215,214,206;,
  3;270,188,187;,
  3;271,272,224;,
  3;209,222,223;,
  3;196,223,224;,
  3;262,273,271;,
  3;272,271,273;,
  3;274,275,263;,
  3;262,276,273;,
  3;277,272,278;,
  3;273,278,272;,
  3;262,271,223;,
  3;224,223,271;,
  3;196,209,223;,
  3;247,222,208;,
  3;209,208,222;,
  3;262,223,221;,
  3;279,207,266;,
  3;205,266,207;,
  3;279,280,207;,
  3;267,207,280;,
  3;274,263,280;,
  3;267,280,263;,
  3;276,262,264;,
  3;72,74,76;,
  3;140,281,139;,
  3;72,132,74;,
  3;151,74,132;,
  3;76,71,72;,
  3;277,225,272;,
  3;9,11,155;,
  3;282,278,276;,
  3;273,276,278;,
  3;282,276,275;,
  3;264,275,276;,
  3;27,142,28;,
  3;138,28,142;,
  3;139,132,138;,
  3;28,138,132;,
  3;139,281,132;,
  3;151,132,281;,
  3;283,148,281;,
  3;151,281,148;,
  3;284,149,283;,
  3;148,283,149;,
  3;149,284,7;,
  3;5,7,284;,
  3;22,80,6;,
  3;77,6,80;,
  3;73,7,77;,
  3;6,77,7;,
  3;5,3,4;,
  3;2,4,3;,
  3;81,137,285;,
  3;136,285,137;,
  3;81,82,137;,
  3;88,145,93;,
  3;144,93,145;,
  3;252,21,2;,
  3;4,2,21;,
  3;229,212,286;,
  3;286,210,251;,
  3;210,286,212;,
  3;217,216,234;,
  3;228,203,227;,
  3;228,230,203;,
  3;261,203,230;,
  3;235,220,232;,
  3;227,214,228;,
  3;26,71,25;,
  3;268,25,71;,
  3;11,141,155;,
  3;78,79,19;,
  3;254,19,79;,
  3;225,224,272;,
  3;264,263,275;,
  3;204,227,203;,
  3;220,218,232;,
  3;287,289,288;,
  3;290,288,289;,
  3;291,287,292;,
  3;288,292,287;,
  3;293,291,294;,
  3;292,294,291;,
  3;295,293,296;,
  3;294,296,293;,
  3;296,297,295;,
  3;298,290,299;,
  3;289,299,290;,
  3;300,302,301;,
  3;303,301,302;,
  3;304,301,305;,
  3;303,305,301;,
  3;306,304,307;,
  3;305,307,304;,
  3;306,307,308;,
  3;309,308,307;,
  3;309,310,308;,
  3;311,145,146;,
  3;312,314,313;,
  3;315,313,314;,
  3;316,318,317;,
  3;319,317,318;,
  3;320,322,321;,
  3;323,321,322;,
  3;324,326,325;,
  3;327,325,326;,
  3;324,325,328;,
  3;329,328,325;,
  3;328,331,330;,
  3;332,330,331;,
  3;318,22,319;,
  3;21,319,22;,
  3;326,333,327;,
  3;334,327,333;,
  3;335,337,336;,
  3;338,336,337;,
  3;339,341,340;,
  3;342,340,341;,
  3;343,344,341;,
  3;342,341,344;,
  3;345,347,346;,
  3;348,346,347;,
  3;349,350,345;,
  3;347,345,350;,
  3;347,351,348;,
  3;352,348,351;,
  3;350,353,347;,
  3;351,347,353;,
  3;351,341,352;,
  3;339,352,341;,
  3;353,343,351;,
  3;341,351,343;,
  3;354,356,355;,
  3;357,355,356;,
  3;358,360,359;,
  3;361,359,360;,
  3;360,362,361;,
  3;363,361,362;,
  3;364,366,365;,
  3;367,365,366;,
  3;368,369,364;,
  3;366,364,369;,
  3;366,370,367;,
  3;371,367,370;,
  3;369,372,366;,
  3;370,366,372;,
  3;370,360,371;,
  3;358,371,360;,
  3;372,362,370;,
  3;360,370,362;,
  3;340,331,339;,
  3;373,339,331;,
  3;332,374,65;,
  3;64,65,374;,
  3;375,376,327;,
  3;325,327,376;,
  3;377,378,375;,
  3;376,375,378;,
  3;348,352,377;,
  3;378,377,352;,
  3;344,343,359;,
  3;358,359,343;,
  3;343,353,358;,
  3;371,358,353;,
  3;350,367,353;,
  3;371,353,367;,
  3;349,365,350;,
  3;367,350,365;,
  3;376,373,325;,
