xof 0303txt 0032
template XSkinMeshHeader {
 <3cf169ce-ff7c-44ab-93c0-f78f62d172e2>
 WORD nMaxSkinWeightsPerVertex;
 WORD nMaxSkinWeightsPerFace;
 WORD nBones;
}

template VertexDuplicationIndices {
 <b8d65549-d7c9-4995-89cf-53a9a8b031e3>
 DWORD nIndices;
 DWORD nOriginalVertices;
 array DWORD indices[nIndices];
}

template SkinWeights {
 <6f0d123b-bad2-4167-a0d0-80224f25fabb>
 STRING transformNodeName;
 DWORD nWeights;
 array DWORD vertexIndices[nWeights];
 array FLOAT weights[nWeights];
 Matrix4x4 matrixOffset;
}

template AnimTicksPerSecond {
 <9e415a43-7ba6-4a73-8743-b73d47e88476>
 DWORD AnimTicksPerSecond;
}

template VertexElement {
 <f752461c-1e23-48f6-b9f8-8350850f336f>
 DWORD Type;
 DWORD Method;
 DWORD Usage;
 DWORD UsageIndex;
}

template DeclData {
 <bf22e553-292c-4781-9fea-62bd554bdd93>
 DWORD nElements;
 array VertexElement Elements[nElements];
 DWORD nDWords;
 array DWORD data[nDWords];
}


AnimTicksPerSecond {
 4800;
}

Frame Dummy01 {
 

 FrameTransformMatrix {
  1.000000,0.000000,0.000000,0.000000,0.000000,-0.000000,-1.000000,0.000000,0.000000,1.000000,-0.000000,0.000000,0.000000,0.000000,0.000000,1.000000;;
 }

 Frame Bip01 {
  

  FrameTransformMatrix {
   -0.027253,0.999439,0.019494,0.000000,-0.006106,-0.019667,0.999788,0.000000,0.999610,0.027128,0.006638,0.000000,0.000000,-0.150989,0.315377,1.000000;;
  }

  Frame Bip01_Pelvis {
   

   FrameTransformMatrix {
    -0.010582,0.998073,0.061146,0.000000,0.002028,-0.061127,0.998128,0.000000,0.999942,0.010686,-0.001377,0.000000,0.000000,0.000000,0.000000,1.000000;;
   }

   Frame Bip01_Spine {
    

    FrameTransformMatrix {
     0.953691,-0.058016,0.295139,0.000000,0.061145,0.998128,-0.001375,0.000000,-0.294507,0.019357,0.955453,0.000000,0.051559,-0.003158,0.000471,1.000000;;
    }

    Frame Bip01_Spine1 {
     

     FrameTransformMatrix {
      0.991473,0.000000,0.130310,0.000000,-0.000000,1.000000,-0.000000,0.000000,-0.130310,-0.000000,0.991473,0.000000,0.106491,-0.000000,-0.000084,1.000000;;
     }

     Frame Bip01_Neck {
      

      FrameTransformMatrix {
       0.903366,0.000001,0.428870,0.000000,-0.000001,1.000000,-0.000000,0.000000,-0.428870,-0.000000,0.903366,0.000000,0.130516,0.000000,0.004628,1.000000;;
      }

      Frame Bip01_Head {
       

       FrameTransformMatrix {
        0.968422,-0.000001,-0.249317,0.000000,0.000001,1.000000,-0.000000,0.000000,0.249317,-0.000000,0.968422,0.000000,0.033674,0.000000,0.000000,1.000000;;
       }

       Frame Bip01_HeadNub {
        

        FrameTransformMatrix {
         1.000000,-0.000000,-0.000000,0.000000,0.000000,1.000000,-0.000000,0.000000,0.000000,-0.000000,1.000000,0.000000,0.169824,-0.000000,0.000000,1.000000;;
        }
       }
      }

      Frame Bip01_L_Clavicle {
       

       FrameTransformMatrix {
        -0.000000,1.000000,-0.000003,0.000000,0.903024,-0.000001,-0.429589,0.000000,-0.429589,-0.000003,-0.903024,0.000000,-0.023698,0.015715,0.006128,1.000000;;
       }

       Frame Bip01_L_UpperArm {
        

        FrameTransformMatrix {
         -0.025058,-0.831443,-0.555045,0.000000,0.884150,0.240677,-0.400442,0.000000,0.466531,-0.500777,0.729089,0.000000,0.087086,0.000000,0.000000,1.000000;;
        }

        Frame Bip01_L_Forearm {
         

         FrameTransformMatrix {
          0.811916,-0.000000,-0.583774,0.000000,0.000000,1.000000,-0.000000,0.000000,0.583774,0.000000,0.811916,0.000000,0.137062,0.000000,-0.000000,1.000000;;
         }

         Frame Bip01_L_Hand {
          

          FrameTransformMatrix {
           0.947482,-0.313004,-0.065618,0.000000,0.246442,0.583821,0.773576,0.000000,-0.203823,-0.749120,0.630298,0.000000,0.137062,0.000000,0.000000,1.000000;;
          }

          Frame Bip01_L_Finger0 {
           

           FrameTransformMatrix {
            0.829256,-0.514255,0.218807,0.000000,0.558537,0.749101,-0.356210,0.000000,0.019274,0.417601,0.908427,0.000000,0.057681,-0.023605,-0.000272,1.000000;;
           }

           Frame Bip01_L_Finger0Nub {
            

            FrameTransformMatrix {
             1.000000,0.000000,0.000000,0.000000,0.000000,1.000000,0.000000,0.000000,-0.000000,0.000000,1.000000,0.000000,0.029435,0.000000,0.000000,1.000000;;
            }
           }
          }

          Frame Bip01_L_Finger1 {
           

           FrameTransformMatrix {
            0.989590,-0.000115,0.143914,0.000000,-0.000000,1.000000,0.000796,0.000000,-0.143914,-0.000788,0.989590,0.000000,0.084102,0.000000,0.000000,1.000000;;
           }

           Frame Bip01_L_Finger1Nub {
            

            FrameTransformMatrix {
             1.000000,0.000000,-0.000000,0.000000,-0.000000,1.000000,0.000000,0.000000,0.000000,0.000000,1.000000,0.000000,0.047988,-0.000000,0.000000,1.000000;;
            }
           }
          }
         }
        }
       }
      }

      Frame Bip01_R_Clavicle {
       

       FrameTransformMatrix {
        -0.000000,-1.000000,0.000003,0.000000,-0.903024,0.000001,0.429589,0.000000,-0.429589,-0.000003,-0.903024,0.000000,-0.023698,-0.015714,0.006128,1.000000;;
       }

       Frame Bip01_R_UpperArm {
        

        FrameTransformMatrix {
         0.264513,0.918903,-0.292659,0.000000,-0.725426,0.389548,0.567459,0.000000,0.635444,0.062202,0.769637,0.000000,0.087086,0.000000,0.000000,1.000000;;
        }

        Frame Bip01_R_Forearm {
         

         FrameTransformMatrix {
          0.372056,-0.000000,-0.928210,0.000000,0.000000,1.000000,-0.000000,0.000000,0.928210,0.000000,0.372056,0.000000,0.137062,0.000000,0.000000,1.000000;;
         }

         Frame Bip01_R_Hand {
          

          FrameTransformMatrix {
           0.951073,0.246139,0.186752,0.000000,0.183824,0.035034,-0.982335,0.000000,-0.248334,0.968601,-0.011926,0.000000,0.137062,-0.000000,-0.000000,1.000000;;
          }

          Frame Bip01_R_Finger0 {
           

           FrameTransformMatrix {
            0.829256,0.514255,0.218807,0.000000,-0.558537,0.749101,0.356210,0.000000,0.019274,-0.417601,0.908427,0.000000,0.057681,0.023605,-0.000272,1.000000;;
           }

           Frame Bip01_R_Finger0Nub {
            

            FrameTransformMatrix {
             -1.000000,-0.000000,-0.000000,0.000000,0.000000,1.000000,0.000000,0.000000,-0.000000,0.000000,-1.000000,0.000000,0.029435,-0.000000,0.000000,1.000000;;
            }
           }
          }

          Frame Bip01_R_Finger1 {
           

           FrameTransformMatrix {
            0.989590,0.000115,0.143914,0.000000,0.000000,1.000000,-0.000796,0.000000,-0.143914,0.000788,0.989590,0.000000,0.084102,0.000000,-0.000000,1.000000;;
           }

           Frame Bip01_R_Finger1Nub {
            

            FrameTransformMatrix {
             -1.000000,0.000000,0.000000,0.000000,0.000000,1.000000,0.000000,0.000000,-0.000000,-0.000000,-1.000000,0.000000,0.047988,0.000000,-0.000000,1.000000;;
            }
           }
          }
         }
        }
       }
      }
     }

     Frame Bip01_BackPack {
      

      FrameTransformMatrix {
       0.190104,-0.000002,-0.981764,0.000000,0.000003,1.000000,-0.000002,0.000000,0.981764,-0.000002,0.190104,0.000000,0.063697,-0.000000,-0.088856,1.000000;;
      }

      Frame Bip01_BackPackNub {
       

       FrameTransformMatrix {
        0.000796,0.000003,1.000000,0.000000,-0.000000,-1.000000,0.000003,0.000000,1.000000,-0.000000,-0.000796,0.000000,0.053240,0.000000,0.000000,1.000000;;
       }
      }
     }
    }

    Frame Bip01_L_Thigh {
     

     FrameTransformMatrix {
      0.071664,0.106676,0.991708,0.000000,-0.196716,-0.973224,0.118903,0.000000,0.977838,-0.203606,-0.048760,0.000000,-0.052697,0.055122,0.015865,1.000000;;
     }

     Frame Bip01_L_Calf {
      

      FrameTransformMatrix {
       0.090190,-0.000000,-0.995925,0.000000,0.000000,1.000000,0.000000,0.000000,0.995925,-0.000000,0.090190,0.000000,0.237500,0.000000,0.000000,1.000000;;
      }

      Frame Bip01_L_Foot {
       

       FrameTransformMatrix {
        0.967793,0.227723,0.107327,0.000000,-0.222122,0.973065,-0.061691,0.000000,-0.118484,0.035864,0.992308,0.000000,0.206841,0.000000,0.000000,1.000000;;
       }

       Frame Bip01_L_Toe0 {
        

        FrameTransformMatrix {
         -0.000000,-0.000000,1.000000,0.000000,0.000000,1.000000,-0.000000,0.000000,-1.000000,0.000000,-0.000000,0.000000,0.065373,0.000000,0.066450,1.000000;;
        }

        Frame Bip01_L_Toe0Nub {
         

         FrameTransformMatrix {
          -1.000000,0.000000,-0.000000,0.000000,-0.000000,1.000000,-0.000000,0.000000,0.000000,-0.000000,-1.000000,0.000000,0.006735,0.000000,-0.000000,1.000000;;
         }
        }
       }
      }
     }
    }

    Frame Bip01_R_Thigh {
     

     FrameTransformMatrix {
      0.013688,-0.159739,0.987064,0.000000,0.236824,-0.958552,-0.158409,0.000000,0.971456,0.235929,0.024709,0.000000,-0.046289,-0.055122,0.013727,1.000000;;
     }

     Frame Bip01_R_Calf {
      

      FrameTransformMatrix {
       0.002856,-0.000000,-0.999996,0.000000,-0.000000,1.000000,0.000000,0.000000,0.999996,-0.000000,0.002856,0.000000,0.237500,-0.000000,0.000000,1.000000;;
      }

      Frame Bip01_R_Foot {
       

       FrameTransformMatrix {
        0.932092,-0.264076,0.247928,0.000000,0.222529,0.957539,0.183301,0.000000,-0.285806,-0.115682,0.951279,0.000000,0.206841,0.000000,0.000000,1.000000;;
       }

       Frame Bip01_R_Toe0 {
        

        FrameTransformMatrix {
         -0.000000,-0.000000,1.000000,0.000000,0.000000,1.000000,-0.000000,0.000000,-1.000000,0.000000,-0.000000,0.000000,0.065373,0.000000,0.066450,1.000000;;
        }

        Frame Bip01_R_Toe0Nub {
         

         FrameTransformMatrix {
          1.000000,-0.000000,0.000000,0.000000,-0.000000,1.000000,0.000000,0.000000,0.000000,0.000000,1.000000,0.000000,0.006735,0.000000,0.000000,1.000000;;
         }
        }
       }
      }
     }
    }
   }

   Frame Bip01_DressFront {
    

    FrameTransformMatrix {
     -0.295593,-0.000002,0.955314,0.000000,-0.000004,1.000000,0.000001,0.000000,-0.955314,-0.000004,-0.295593,0.000000,-0.043862,0.001399,0.060985,1.000000;;
    }

    Frame Bip01_DressFront02 {
     

     FrameTransformMatrix {
      0.396226,0.000003,0.918153,0.000000,-0.000003,1.000000,-0.000002,0.000000,-0.918153,-0.000002,0.396226,0.000000,0.183445,0.000000,-0.000052,1.000000;;
     }

     Frame Bip01_DressFrontNub {
      

      FrameTransformMatrix {
       0.000796,0.000003,1.000000,0.000000,0.000000,-1.000000,0.000003,0.000000,1.000000,0.000000,-0.000796,0.000000,0.165302,0.000000,0.000000,1.000000;;
      }
     }
    }
   }

   Frame Bip01_DressBack {
    

    FrameTransformMatrix {
     -0.369104,-0.000002,0.929389,0.000000,-0.000004,1.000000,0.000000,0.000000,-0.929389,-0.000004,-0.369104,0.000000,-0.052606,0.000000,-0.080355,1.000000;;
    }

    Frame Bip01_DressBack02 {
     

     FrameTransformMatrix {
      0.767515,0.000002,0.641031,0.000000,-0.000002,1.000000,-0.000001,0.000000,-0.641031,-0.000001,0.767515,0.000000,0.176228,0.000000,-0.000083,1.000000;;
     }

     Frame Bip01_DressBackNub {
      

      FrameTransformMatrix {
       0.000796,0.000003,1.000000,0.000000,0.000000,-1.000000,0.000003,0.000000,1.000000,0.000000,-0.000796,0.000000,0.136508,0.000000,-0.000000,1.000000;;
      }
     }
    }
   }
  }

  Frame Bip01_Prop1 {
   

   FrameTransformMatrix {
    -0.906200,0.150956,0.394985,0.000000,0.398811,0.615581,0.679713,0.000000,-0.140539,0.773481,-0.618043,0.000000,0.153672,-0.028673,-0.024909,1.000000;;
   }
  }

  Frame Bip01_Prop2 {
   

   FrameTransformMatrix {
    0.581454,-0.657508,-0.479159,0.000000,0.067436,0.625876,-0.777002,0.000000,0.810779,0.419478,0.408258,0.000000,0.203748,-0.050801,0.016097,1.000000;;
   }
  }
 }

 Mesh Mesh {
  617;
  0.064263;0.564091;0.052157;,
  0.029120;0.551307;0.055187;,
  0.023833;0.584378;0.060399;,
  0.075651;0.543798;0.055581;,
  0.080843;0.527533;0.061504;,
  0.050323;0.484778;0.056105;,
  0.036848;0.516263;0.049631;,
  0.087645;0.497324;0.083653;,
  0.025338;0.616691;0.088114;,
  0.075850;0.603071;0.118313;,
  0.066520;0.601021;0.088873;,
  0.044177;0.608554;0.123299;,
  0.087027;0.358944;0.188482;,
  0.046846;0.372160;0.207433;,
  0.046223;0.355761;0.213925;,
  0.079955;0.372731;0.184504;,
  0.073198;0.372523;0.129302;,
  0.085890;0.344824;0.147630;,
  0.044395;0.368541;0.099858;,
  0.068496;0.325415;0.121287;,
  0.039843;0.315658;0.108997;,
  -0.003823;0.480953;0.050805;,
  -0.004149;0.516752;0.047531;,
  0.003910;0.371871;0.208664;,
  0.004035;0.353794;0.214846;,
  0.051894;0.485704;0.186009;,
  -0.000526;0.527640;0.183678;,
  -0.000062;0.487491;0.190962;,
  0.056308;0.528422;0.177363;,
  0.050135;0.330237;0.102112;,
  0.103729;0.306463;0.008152;,
  0.060468;0.325531;0.003648;,
  0.090805;0.307851;0.114168;,
  0.069603;0.291158;-0.103959;,
  0.102697;0.273138;-0.079644;,
  0.006759;0.312811;0.105171;,
  0.042245;0.219994;0.024755;,
  0.010567;0.250910;0.215371;,
  0.019530;0.290620;0.008406;,
  0.054196;0.242210;-0.058143;,
  0.047108;0.262240;-0.083076;,
  0.118120;0.245142;0.023250;,
  0.095390;0.255464;0.131163;,
  0.093623;0.252475;-0.056204;,
  0.138769;-0.000651;-0.047807;,
  0.099203;-0.000735;-0.002347;,
  0.093873;-0.000628;-0.050874;,
  0.134060;-0.000758;-0.002614;,
  0.086675;0.216984;-0.097978;,
  0.128103;0.150120;-0.061161;,
  0.100291;0.144504;-0.090752;,
  0.116520;0.223584;-0.068300;,
  0.135956;0.070329;-0.052353;,
  0.116832;0.067448;-0.081373;,
  0.048812;0.192211;-0.074375;,
  0.064768;0.147609;-0.025258;,
  0.044962;0.210335;-0.021807;,
  0.070807;0.137543;-0.066444;,
  0.101577;0.077135;-0.030072;,
  0.099968;0.060719;-0.055939;,
  0.125866;0.158571;-0.023620;,
  0.113906;0.232045;-0.019657;,
  0.124820;0.085218;-0.029985;,
  0.090532;0.315532;0.151785;,
  -0.001867;0.310579;0.098145;,
  0.006759;0.312811;0.105171;,
  -0.003373;0.275725;0.111151;,
  0.093530;0.308549;0.205876;,
  0.044214;0.309235;0.231357;,
  0.091463;0.260432;0.165383;,
  0.046871;0.254139;0.192785;,
  0.048474;0.434548;0.193353;,
  0.083149;0.479376;0.168610;,
  0.094150;0.479456;0.150595;,
  0.070992;0.420593;0.118647;,
  0.086342;0.467786;0.098520;,
  0.079835;0.429379;0.167757;,
  0.051178;0.455659;0.065806;,
  0.047384;0.410310;0.091867;,
  -0.003396;0.455994;0.060402;,
  -0.001593;0.404702;0.089670;,
  0.102245;0.549369;0.037309;,
  0.108384;0.500175;0.026950;,
  0.056638;0.556495;0.064965;,
  0.060300;0.446115;0.043065;,
  0.053627;0.496714;0.051026;,
  0.104656;0.448418;0.023377;,
  0.079521;0.533535;0.116551;,
  0.053627;0.496714;0.051026;,
  0.080254;0.482886;0.109893;,
  0.081003;0.429625;0.089722;,
  0.060300;0.446115;0.043065;,
  0.090272;0.533203;0.120120;,
  0.135158;0.486625;0.085908;,
  0.128188;0.534786;0.096156;,
  0.125231;0.431805;0.070107;,
  0.120799;0.544436;0.060279;,
  0.101437;0.437863;0.005665;,
  0.042854;0.387060;-0.011680;,
  0.048619;0.432862;0.027703;,
  0.076918;0.392355;-0.024289;,
  0.037838;0.351959;-0.029871;,
  0.058632;0.351873;-0.047507;,
  0.048619;0.432862;0.027703;,
  0.070361;0.354233;0.026263;,
  0.070755;0.396258;0.074099;,
  0.042854;0.387060;-0.011680;,
  0.061399;0.327694;-0.013711;,
  0.037838;0.351959;-0.029871;,
  0.096418;0.358740;0.016527;,
  0.123341;0.401237;0.052288;,
  0.072379;0.327923;-0.022462;,
  -0.036061;0.270569;-0.098087;,
  0.002559;0.250980;-0.060918;,
  -0.036166;0.274965;-0.076534;,
  0.002273;0.247011;-0.082256;,
  -0.029583;0.315532;-0.064508;,
  -0.022909;0.311696;-0.079380;,
  -0.027863;0.306555;-0.071008;,
  -0.028900;0.323648;-0.072862;,
  0.046452;0.298454;-0.025189;,
  0.002188;0.318906;-0.060792;,
  0.032348;0.276513;-0.051938;,
  0.010511;0.332488;-0.029886;,
  0.035525;0.276510;-0.071636;,
  0.063403;0.309440;-0.057180;,
  0.026753;0.345916;-0.062499;,
  0.007110;0.317824;-0.080056;,
  0.093307;0.604790;0.086687;,
  0.097002;0.596362;0.058246;,
  0.066520;0.601021;0.088873;,
  0.061758;0.590611;0.065091;,
  0.092642;0.526530;0.158856;,
  0.034531;0.600964;0.065981;,
  0.093470;0.572957;0.045430;,
  0.075651;0.543798;0.055581;,
  0.064263;0.564091;0.052157;,
  0.092950;0.557075;0.055033;,
  0.095505;0.566222;0.136811;,
  0.056325;0.565031;0.157866;,
  0.097888;0.568630;0.131532;,
  -0.001266;0.560970;0.164578;,
  -0.002724;0.602193;0.120926;,
  0.075850;0.603071;0.118313;,
  0.097888;0.568630;0.131532;,
  0.083311;0.531925;0.090387;,
  0.098121;0.558695;0.125088;,
  0.056638;0.556495;0.064965;,
  0.094077;0.513169;0.129597;,
  0.086397;0.498881;0.098335;,
  0.080843;0.527533;0.061504;,
  0.099755;0.521020;0.143499;,
  0.010511;0.332488;-0.029886;,
  0.030410;0.623462;0.049267;,
  0.021595;0.637557;0.065542;,
  -0.003618;0.620092;0.092280;,
  -0.004333;0.644082;0.071767;,
  0.007110;0.317824;-0.080056;,
  -0.036061;0.270569;-0.098087;,
  0.002273;0.247011;-0.082256;,
  -0.019592;0.321800;-0.048411;,
  -0.012755;0.334871;-0.069703;,
  -0.019592;0.321800;-0.048411;,
  -0.013148;0.309741;-0.059807;,
  0.002493;0.319864;-0.075890;,
  0.002493;0.319864;-0.075890;,
  -0.029583;0.315532;-0.064508;,
  -0.028900;0.323648;-0.072862;,
  -0.022909;0.311696;-0.079380;,
  0.145010;0.021015;-0.124641;,
  0.114755;-0.000598;-0.169387;,
  0.113434;0.017981;-0.162151;,
  0.150570;-0.000610;-0.131878;,
  0.095457;0.032675;-0.012977;,
  0.093873;-0.000628;-0.050874;,
  0.099203;-0.000735;-0.002347;,
  0.092502;0.024329;-0.053407;,
  0.101577;0.077135;-0.030072;,
  0.136997;0.035697;-0.013508;,
  0.124820;0.085218;-0.029985;,
  0.138769;-0.000651;-0.047807;,
  0.134060;-0.000758;-0.002614;,
  0.139919;0.034295;-0.050278;,
  0.116832;0.067448;-0.081373;,
  0.135956;0.070329;-0.052353;,
  0.085942;0.014947;-0.151697;,
  0.079816;-0.000587;-0.158934;,
  0.150570;-0.000610;-0.131878;,
  0.079816;-0.000587;-0.158934;,
  0.019530;0.290620;0.008406;,
  0.047108;0.262240;-0.083076;,
  0.048812;0.192211;-0.074375;,
  0.070807;0.137543;-0.066444;,
  0.099968;0.060719;-0.055939;,
  0.099968;0.060719;-0.055939;,
  -0.002617;0.261716;0.161221;,
  0.040857;0.617294;0.030607;,
  0.023171;0.599717;0.020488;,
  0.031939;0.604774;0.015632;,
  0.022238;0.610329;0.037397;,
  0.033282;0.645295;0.042299;,
  0.025607;0.663766;0.055806;,
  0.011589;0.732715;-0.045206;,
  -0.008495;0.712712;-0.064678;,
  -0.008169;0.736637;-0.046827;,
  0.026116;0.651794;-0.054662;,
  0.009048;0.647539;-0.059490;,
  0.022082;0.680526;-0.061063;,
  0.037363;0.620929;0.002746;,
  0.045734;0.643356;0.020410;,
  0.039257;0.631464;0.032962;,
  0.046548;0.682342;0.018617;,
  0.046378;0.680258;-0.005830;,
  0.035687;0.694580;-0.050466;,
  0.044845;0.709545;-0.028734;,
  0.041686;0.663510;-0.026806;,
  0.044201;0.693488;0.030971;,
  0.033630;0.710447;0.045072;,
  -0.005259;0.716436;0.055437;,
  0.026242;0.745222;0.012082;,
  -0.006429;0.751662;0.020978;,
  0.042611;0.644192;-0.014911;,
  0.027910;0.605740;-0.004420;,
  0.027801;0.628317;-0.032402;,
  0.013602;0.578465;-0.002342;,
  -0.005549;0.579181;0.011049;,
  -0.006019;0.570739;-0.008328;,
  0.017406;0.701691;-0.062646;,
  0.031466;0.724044;-0.040398;,
  0.041045;0.733820;-0.003533;,
  0.027006;0.744642;-0.019271;,
  0.009806;0.752440;-0.015904;,
  -0.007416;0.755414;-0.014490;,
  -0.004770;0.677157;0.063871;,
  0.041045;0.733820;-0.003533;,
  0.027006;0.744642;-0.019271;,
  0.051925;0.645451;0.018378;,
  0.056772;0.690689;0.004404;,
  0.062358;0.678084;0.020634;,
  0.049910;0.671901;0.009184;,
  0.062358;0.678084;0.020634;,
  0.051925;0.645451;0.018378;,
  0.056772;0.690689;0.004404;,
  0.046378;0.680258;-0.005830;,
  0.047207;0.655797;0.000033;,
  0.045734;0.643356;0.020410;,
  0.027091;0.647774;-0.043187;,
  0.047207;0.655797;0.000033;,
  0.034531;0.600964;0.065981;,
  0.030410;0.623462;0.049267;,
  0.061758;0.590611;0.065091;,
  0.033282;0.645295;0.042299;,
  -0.004492;0.567492;0.047204;,
  -0.004279;0.543801;0.049367;,
  0.000835;0.368099;0.097583;,
  0.002117;0.308901;0.232326;,
  0.000139;0.274892;0.228312;,
  0.008203;0.235813;0.156809;,
  -0.005154;0.586011;0.027306;,
  -0.002617;0.261716;0.161221;,
  0.009806;0.752440;-0.015904;,
  -0.007416;0.755414;-0.014490;,
  0.013515;0.603595;-0.022147;,
  0.005410;0.620160;-0.038931;,
  0.005778;0.611574;-0.034530;,
  -0.008565;0.698524;-0.070896;,
  -0.008424;0.673101;-0.071918;,
  0.007324;0.644119;-0.047048;,
  0.001068;0.434409;0.196820;,
  0.061758;0.590611;0.065091;,
  0.114755;-0.000598;-0.169387;,
  0.005280;0.592760;-0.023703;,
  0.013049;0.597925;-0.018776;,
  0.005079;0.598702;-0.022825;,
  -0.007076;0.608241;-0.038111;,
  -0.007430;0.611270;-0.050415;,
  0.004654;0.599860;-0.028920;,
  -0.006605;0.598642;-0.023106;,
  -0.006599;0.589926;-0.025004;,
  -0.008020;0.643284;-0.064319;,
  -0.007763;0.636881;-0.056422;,
  0.098121;0.558695;0.125088;,
  -0.006841;0.598076;-0.031932;,
  0.079197;0.540391;0.105949;,
  0.083311;0.531925;0.090387;,
  0.080843;0.527533;0.061504;,
  0.044201;0.693488;0.030971;,
  0.086675;0.216984;-0.097978;,
  0.042882;0.113346;-0.099452;,
  0.026888;0.189097;-0.100705;,
  0.100291;0.144504;-0.090752;,
  0.069603;0.291158;-0.103959;,
  0.021584;0.262452;-0.090777;,
  0.060468;0.325531;0.003648;,
  0.006892;0.284734;0.004871;,
  0.050135;0.330237;0.102112;,
  0.001593;0.309390;0.090153;,
  0.039843;0.315658;0.108997;,
  0.049088;0.041455;-0.103540;,
  0.116832;0.067448;-0.081373;,
  0.064955;0.134418;0.000705;,
  -0.019620;0.027148;-0.004982;,
  0.080439;0.066874;0.001408;,
  -0.015550;0.094422;0.014764;,
  -0.012095;0.160023;0.024183;,
  0.048969;0.210236;-0.007731;,
  -0.008407;0.207598;0.051172;,
  0.049975;0.225800;-0.040777;,
  0.044273;0.205667;0.028573;,
  -0.005025;0.215107;0.108062;,
  -0.001547;0.252236;0.213465;,
  0.079197;0.540391;0.105949;,
  -0.072819;0.563178;0.055874;,
  -0.037409;0.550866;0.056993;,
  -0.083739;0.542740;0.059907;,
  -0.032284;0.584005;0.061922;,
  -0.087995;0.525521;0.066344;,
  -0.057647;0.484060;0.059036;,
  -0.093580;0.496119;0.088572;,
  -0.044962;0.515720;0.051852;,
  -0.032712;0.616306;0.089689;,
  -0.081447;0.602874;0.122071;,
  -0.049509;0.607931;0.125841;,
  -0.072936;0.601116;0.091231;,
  -0.079348;0.368020;0.193535;,
  -0.038843;0.375785;0.209979;,
  -0.072932;0.379199;0.189049;,
  -0.037667;0.360338;0.216472;,
  -0.069116;0.378543;0.133532;,
  -0.082225;0.353996;0.152736;,
  -0.042342;0.372210;0.102436;,
  -0.068933;0.332882;0.125264;,
  -0.042044;0.320125;0.111484;,
  0.003910;0.371871;0.208664;,
  0.004035;0.353794;0.214846;,
  -0.052182;0.485013;0.188834;,
  -0.000526;0.527640;0.183678;,
  -0.057625;0.527665;0.180455;,
  -0.000062;0.487491;0.190962;,
  -0.054657;0.333722;0.103592;,
  -0.117675;0.305591;0.017578;,
  -0.094834;0.313637;0.120740;,
  -0.074533;0.322792;0.007664;,
  -0.095755;0.280658;-0.096021;,
  -0.126352;0.266996;-0.067667;,
  -0.011398;0.314398;0.104084;,
  -0.057423;0.218160;0.033650;,
  -0.034371;0.286799;0.010653;,
  -0.013596;0.252229;0.216104;,
  -0.076539;0.237153;-0.049405;,
  -0.071759;0.253813;-0.075792;,
  -0.132297;0.245861;0.037922;,
  -0.100654;0.261703;0.140851;,
  -0.115271;0.248894;-0.044352;,
  -0.163187;-0.000651;-0.003409;,
  -0.123622;-0.000735;0.042052;,
  -0.158478;-0.000758;0.041783;,
  -0.118292;-0.000628;-0.006476;,
  -0.113587;0.208378;-0.079184;,
  -0.151378;0.149037;-0.028262;,
  -0.139498;0.220243;-0.047516;,
  -0.127455;0.138229;-0.059752;,
  -0.159748;0.071237;-0.007314;,
  -0.143095;0.065153;-0.037101;,
  -0.073568;0.185994;-0.056780;,
  -0.084211;0.149569;-0.000067;,
  -0.095366;0.133850;-0.038311;,
  -0.063070;0.211409;-0.008297;,
  -0.123727;0.079310;0.011483;,
  -0.124387;0.060719;-0.011541;,
  -0.144466;0.162762;0.007087;,
  -0.130867;0.235575;-0.001312;,
  -0.146722;0.087889;0.012464;,
  -0.089764;0.325369;0.157260;,
  -0.011398;0.314398;0.104084;,
  -0.090225;0.318574;0.211456;,
  -0.039676;0.313812;0.233905;,
  -0.094644;0.268233;0.173257;,
  -0.048823;0.258696;0.197504;,
  -0.046448;0.434498;0.195960;,
  -0.084248;0.478264;0.173153;,
  -0.096210;0.478192;0.155762;,
  -0.072654;0.420517;0.122592;,
  -0.079039;0.429295;0.172120;,
  -0.091079;0.466608;0.103335;,
  -0.057584;0.454937;0.068758;,
  -0.050402;0.410258;0.094553;,
  -0.110047;0.536967;0.049949;,
  -0.067991;0.540618;0.083321;,
  -0.129663;0.490334;0.052291;,
  -0.104793;0.440454;0.095740;,
  -0.143556;0.446507;0.067150;,
  -0.081776;0.480840;0.087028;,
  -0.102640;0.541935;0.133417;,
  -0.118023;0.493768;0.140735;,
  -0.081776;0.480840;0.087028;,
  -0.132610;0.432199;0.134636;,
  -0.104793;0.440454;0.095740;,
  -0.113317;0.545517;0.134675;,
  -0.165975;0.503583;0.105979;,
  -0.145875;0.549026;0.103982;,
  -0.171276;0.438026;0.106131;,
  -0.131764;0.544523;0.069117;,
  -0.136195;0.446698;0.051097;,
  -0.072685;0.400246;0.040032;,
  -0.103348;0.406904;0.020983;,
  -0.089367;0.439150;0.083509;,
  -0.060167;0.371260;0.014156;,
  -0.078629;0.370642;-0.003893;,
  -0.089367;0.439150;0.083509;,
  -0.106164;0.361388;0.065392;,
  -0.072685;0.400246;0.040032;,
  -0.119644;0.395819;0.118161;,
  -0.084382;0.344130;0.029862;,
  -0.060167;0.371260;0.014156;,
  -0.129622;0.366946;0.050802;,
  -0.166222;0.403429;0.085956;,
  -0.095967;0.342959;0.015109;,
  0.006735;0.275833;-0.051259;,
  -0.017444;0.269243;0.000011;,
  -0.021693;0.257410;-0.017682;,
  0.011334;0.288171;-0.033637;,
  0.000754;0.329638;-0.035122;,
  -0.008566;0.319898;-0.045057;,
  -0.003397;0.333844;-0.045180;,
  -0.000873;0.318751;-0.037274;,
  -0.058995;0.323422;0.028204;,
  -0.029207;0.331825;-0.023635;,
  -0.031989;0.355588;0.001593;,
  -0.048190;0.293991;0.007883;,
  -0.056046;0.286182;-0.008712;,
  -0.084955;0.319981;0.000897;,
  -0.057864;0.354209;-0.027326;,
  -0.038427;0.323060;-0.038954;,
  -0.100489;0.603550;0.091910;,
  -0.105574;0.595034;0.063695;,
  -0.072936;0.601116;0.091231;,
  -0.069964;0.589739;0.068656;,
  -0.094881;0.525283;0.163946;,
  -0.042880;0.600450;0.068082;,
  -0.101772;0.571122;0.050412;,
  -0.083739;0.542740;0.059907;,
  -0.099064;0.550657;0.061867;,
  -0.072819;0.563178;0.055874;,
  -0.100898;0.566487;0.142455;,
  -0.103739;0.569069;0.137311;,
  -0.059186;0.564264;0.161001;,
  -0.001266;0.560970;0.164578;,
  -0.002724;0.602193;0.120926;,
  -0.081447;0.602874;0.122071;,
  -0.103739;0.569069;0.137311;,
  -0.089327;0.530391;0.095345;,
  -0.067991;0.540618;0.083321;,
  -0.103905;0.558379;0.131148;,
  -0.097723;0.511894;0.134803;,
  -0.091560;0.497699;0.103165;,
  -0.087995;0.525521;0.066344;,
  -0.102742;0.519674;0.148994;,
  -0.031989;0.355588;0.001593;,
  -0.039968;0.622995;0.051177;,
  -0.030471;0.637211;0.066955;,
  -0.003618;0.620092;0.092280;,
  -0.004333;0.644082;0.071767;,
  -0.038427;0.323060;-0.038954;,
  0.006735;0.275833;-0.051259;,
  -0.021693;0.257410;-0.017682;,
  -0.005940;0.340855;-0.020036;,
  -0.020014;0.344194;-0.041524;,
  -0.005940;0.340855;-0.020036;,
  -0.012717;0.324902;-0.024083;,
  -0.033374;0.326880;-0.037316;,
  -0.033374;0.326880;-0.037316;,
  0.000754;0.329638;-0.035122;,
  -0.003397;0.333844;-0.045180;,
  -0.008566;0.319898;-0.045057;,
  -0.169429;0.021015;-0.080243;,
  -0.139174;-0.000598;-0.124989;,
  -0.174988;-0.000610;-0.087479;,
  -0.137853;0.017981;-0.117752;,
  -0.119875;0.032675;0.031421;,
  -0.118292;-0.000628;-0.006476;,
  -0.116921;0.024329;-0.009008;,
  -0.123622;-0.000735;0.042052;,
  -0.123727;0.079310;0.011483;,
  -0.161415;0.035697;0.030889;,
  -0.146722;0.087889;0.012464;,
  -0.163187;-0.000651;-0.003409;,
  -0.164337;0.034295;-0.005881;,
  -0.158478;-0.000758;0.041783;,
  -0.143095;0.065153;-0.037101;,
  -0.159748;0.071237;-0.007314;,
  -0.110361;0.014947;-0.107299;,
  -0.104234;-0.000587;-0.114535;,
  -0.174988;-0.000610;-0.087479;,
  -0.104234;-0.000587;-0.114535;,
  -0.034371;0.286799;0.010653;,
  -0.071759;0.253813;-0.075792;,
  -0.073568;0.185994;-0.056780;,
  -0.095366;0.133850;-0.038311;,
  -0.124387;0.060719;-0.011541;,
  -0.124387;0.060719;-0.011541;,
  -0.051331;0.616682;0.033109;,
  -0.033988;0.599337;0.022040;,
  -0.032279;0.609967;0.038876;,
  -0.043073;0.604276;0.017668;,
  -0.043510;0.644785;0.044383;,
  -0.035358;0.663361;0.057461;,
  -0.027757;0.732453;-0.044138;,
  -0.008169;0.736637;-0.046827;,
  -0.041692;0.651344;-0.052822;,
  -0.038396;0.680124;-0.059421;,
  -0.024856;0.647314;-0.058570;,
  -0.049402;0.620353;0.005101;,
  -0.057100;0.642673;0.023201;,
  -0.049795;0.630873;0.035379;,
  -0.058531;0.681644;0.021469;,
  -0.059656;0.679554;-0.002953;,
  -0.051591;0.694000;-0.048097;,
  -0.055886;0.662862;-0.024158;,
  -0.059756;0.708851;-0.025896;,
  -0.055665;0.692825;0.033682;,
  -0.044571;0.709927;0.047195;,
  -0.005259;0.716436;0.055437;,
  -0.039445;0.744786;0.013865;,
  -0.006429;0.751662;0.020978;,
  -0.055908;0.643538;-0.012237;,
  -0.041856;0.627854;-0.030512;,
  -0.040149;0.605288;-0.002573;,
  -0.025387;0.578206;-0.001284;,
  -0.034094;0.701349;-0.061248;,
  -0.047226;0.723521;-0.038262;,
  -0.054920;0.733183;-0.000929;,
  -0.041901;0.744185;-0.017401;,
  -0.007416;0.755414;-0.014490;,
  -0.024648;0.752211;-0.014969;,
  -0.004770;0.677157;0.063871;,
  -0.054920;0.733183;-0.000929;,
  -0.041901;0.744185;-0.017401;,
  -0.063419;0.644685;0.021509;,
  -0.069618;0.689850;0.007834;,
  -0.062257;0.671157;0.012228;,
  -0.074147;0.677177;0.024339;,
  -0.074147;0.677177;0.024339;,
  -0.063419;0.644685;0.021509;,
  -0.069618;0.689850;0.007834;,
  -0.059656;0.679554;-0.002953;,
  -0.059840;0.655086;0.002938;,
  -0.057100;0.642673;0.023201;,
  -0.041990;0.647315;-0.041312;,
  -0.059840;0.655086;0.002938;,
  -0.042880;0.600450;0.068082;,
  -0.039968;0.622995;0.051177;,
  -0.069964;0.589739;0.068656;,
  -0.043510;0.644785;0.044383;,
  0.002117;0.308901;0.232326;,
  0.000139;0.274892;0.228312;,
  0.008203;0.235813;0.156809;,
  -0.002617;0.261716;0.161221;,
  -0.024648;0.752211;-0.014969;,
  -0.007416;0.755414;-0.014490;,
  -0.026707;0.603328;-0.021055;,
  -0.019745;0.619992;-0.038249;,
  -0.019760;0.611404;-0.033837;,
  -0.022414;0.643922;-0.046241;,
  0.001068;0.434409;0.196820;,
  -0.069964;0.589739;0.068656;,
  -0.139174;-0.000598;-0.124989;,
  -0.025984;0.597666;-0.017717;,
  -0.018425;0.592602;-0.023059;,
  -0.018257;0.598547;-0.022191;,
  -0.018178;0.599708;-0.028301;,
  -0.103905;0.558379;0.131148;,
  -0.084721;0.539075;0.110790;,
  -0.089327;0.530391;0.095345;,
  -0.087995;0.525521;0.066344;,
  -0.055665;0.692825;0.033682;,
  -0.056889;0.183795;-0.093086;,
  -0.017328;0.104521;-0.097309;,
  -0.074838;0.109965;-0.085593;,
  -0.014629;0.181448;-0.093396;,
  -0.048230;0.257817;-0.088427;,
  -0.011777;0.245271;-0.078270;,
  -0.024695;0.283082;0.004682;,
  -0.007979;0.263703;0.003036;,
  -0.009409;0.310207;0.088421;,
  -0.003770;0.290332;0.084758;,
  -0.001867;0.310579;0.098145;,
  -0.042044;0.320125;0.111484;,
  -0.019755;0.039179;-0.104502;,
  -0.086328;0.039383;-0.083464;,
  -0.090320;0.068775;0.035311;,
  -0.144466;0.162762;0.007087;,
  -0.146709;0.087888;0.012464;,
  -0.078302;0.140376;0.022245;,
  -0.130867;0.235575;-0.001312;,
  -0.069282;0.212176;0.007874;,
  -0.070818;0.222063;-0.028844;,
  -0.115271;0.248894;-0.044352;,
  -0.132297;0.245861;0.037922;,
  -0.060018;0.201552;0.038536;,
  0.000139;0.274892;0.228312;,
  -0.048823;0.258696;0.197504;,
  -0.084721;0.539075;0.110790;,
  -0.054657;0.333722;0.103592;,
  -0.074533;0.322792;0.007664;,
  -0.095755;0.280658;-0.096021;,
  -0.113587;0.208378;-0.079184;,
  -0.127455;0.138229;-0.059752;,
  -0.143095;0.065153;-0.037101;,
  0.118120;0.245142;0.023250;,
  0.046871;0.254139;0.192785;,
  0.095390;0.255464;0.131163;,
  0.093623;0.252475;-0.056204;,
  0.113906;0.232045;-0.019657;,
  0.125866;0.158571;-0.023620;,
  0.124820;0.085218;-0.029985;,
  -0.100654;0.261703;0.140851;;
  916;
  3;0,1,2;,
  3;1,0,3;,
  3;4,5,6;,
  3;5,4,7;,
  3;8,9,10;,
  3;9,8,11;,
  3;12,13,14;,
  3;13,12,15;,
  3;16,12,17;,
  3;12,16,15;,
  3;18,19,20;,
  3;19,18,16;,
  3;6,21,22;,
  3;21,6,5;,
  3;14,23,24;,
  3;23,14,13;,
  3;25,26,27;,
  3;26,25,28;,
  3;29,30,31;,
  3;30,29,32;,
  3;30,33,31;,
  3;33,30,34;,
  3;35,36,37;,
  3;36,35,38;,
  3;38,39,36;,
  3;39,38,40;,
  3;37,41,42;,
  3;41,37,36;,
  3;36,43,41;,
  3;43,36,39;,
  3;42,30,32;,
  3;30,42,41;,
  3;41,34,30;,
  3;34,41,43;,
  3;44,45,46;,
  3;45,44,47;,
  3;48,49,50;,
  3;49,48,51;,
  3;50,52,53;,
  3;52,50,49;,
  3;54,55,56;,
  3;55,54,57;,
  3;57,58,55;,
  3;58,57,59;,
  3;56,60,61;,
  3;60,56,55;,
  3;55,62,60;,
  3;62,55,58;,
  3;61,49,51;,
  3;49,61,60;,
  3;60,52,49;,
  3;52,60,62;,
  3;32,19,63;,
  3;19,32,29;,
  3;64,65,66;,
  3;65,64,20;,
  3;14,67,12;,
  3;67,14,68;,
  3;68,69,67;,
  3;69,68,70;,
  3;70,42,69;,
  3;42,70,37;,
  3;48,34,51;,
  3;34,48,33;,
  3;51,43,61;,
  3;43,51,34;,
  3;43,56,61;,
  3;56,43,39;,
  3;39,54,56;,
  3;54,39,40;,
  3;12,63,17;,
  3;63,12,67;,
  3;67,32,63;,
  3;32,67,69;,
  3;69,42,32;,
  3;71,72,25;,
  3;73,74,75;,
  3;74,73,76;,
  3;74,77,75;,
  3;77,74,78;,
  3;79,78,80;,
  3;78,79,77;,
  3;81,82,83;,
  3;82,84,85;,
  3;84,82,86;,
  3;87,88,89;,
  3;88,90,89;,
  3;90,88,91;,
  3;92,93,94;,
  3;92,89,93;,
  3;92,87,89;,
  3;89,95,93;,
  3;95,89,90;,
  3;96,93,82;,
  3;93,86,82;,
  3;86,93,95;,
  3;97,98,99;,
  3;98,97,100;,
  3;100,101,98;,
  3;101,100,102;,
  3;103,104,105;,
  3;104,103,106;,
  3;106,107,104;,
  3;107,106,108;,
  3;105,109,110;,
  3;109,105,104;,
  3;104,111,109;,
  3;111,104,107;,
  3;110,100,97;,
  3;100,110,109;,
  3;109,102,100;,
  3;102,109,111;,
  3;112,113,114;,
  3;113,112,115;,
  3;116,117,118;,
  3;117,116,119;,
  3;120,121,122;,
  3;121,120,123;,
  3;120,124,125;,
  3;124,120,122;,
  3;126,124,127;,
  3;124,126,125;,
  3;95,97,86;,
  3;97,95,110;,
  3;86,99,84;,
  3;99,86,97;,
  3;90,103,105;,
  3;103,90,91;,
  3;105,95,90;,
  3;95,105,110;,
  3;128,96,129;,
  3;96,128,94;,
  3;129,130,128;,
  3;130,129,131;,
  3;72,28,25;,
  3;28,72,132;,
  3;10,133,8;,
  3;134,135,136;,
  3;135,134,137;,
  3;81,137,134;,
  3;138,11,139;,
  3;138,9,11;,
  3;138,140,9;,
  3;141,11,142;,
  3;11,141,139;,
  3;128,130,143;,
  3;94,144,92;,
  3;94,143,144;,
  3;94,128,143;,
  3;145,87,146;,
  3;87,145,147;,
  3;75,148,73;,
  3;148,75,149;,
  3;150,147,145;,
  3;7,149,75;,
  3;148,151,73;,
  3;102,152,101;,
  3;152,102,126;,
  3;102,125,126;,
  3;125,102,111;,
  3;111,120,125;,
  3;120,111,107;,
  3;120,108,123;,
  3;108,120,107;,
  3;8,153,154;,
  3;153,8,133;,
  3;154,155,8;,
  3;155,154,156;,
  3;122,114,113;,
  3;114,122,121;,
  3;121,112,114;,
  3;112,121,157;,
  3;158,124,159;,
  3;124,158,127;,
  3;159,122,113;,
  3;122,159,124;,
  3;126,160,152;,
  3;160,126,161;,
  3;162,121,123;,
  3;121,162,163;,
  3;121,164,157;,
  3;164,121,163;,
  3;165,126,127;,
  3;126,165,161;,
  3;161,166,160;,
  3;166,161,167;,
  3;162,118,163;,
  3;118,162,116;,
  3;163,117,164;,
  3;117,163,118;,
  3;165,167,161;,
  3;167,165,168;,
  3;169,170,171;,
  3;170,169,172;,
  3;173,174,175;,
  3;174,173,176;,
  3;177,178,179;,
  3;178,177,173;,
  3;180,178,181;,
  3;178,180,182;,
  3;183,169,171;,
  3;169,183,184;,
  3;174,185,186;,
  3;185,174,176;,
  3;46,187,44;,
  3;187,46,188;,
  3;180,169,182;,
  3;169,180,172;,
  3;20,29,65;,
  3;19,29,20;,
  3;29,31,189;,
  3;31,190,189;,
  3;190,31,33;,
  3;33,191,190;,
  3;191,33,48;,
  3;191,50,192;,
  3;50,191,48;,
  3;192,53,193;,
  3;53,192,50;,
  3;194,171,185;,
  3;171,194,183;,
  3;171,186,185;,
  3;186,171,170;,
  3;185,176,194;,
  3;194,173,177;,
  3;173,194,176;,
  3;178,175,181;,
  3;175,178,173;,
  3;179,182,184;,
  3;182,179,178;,
  3;182,169,184;,
  3;16,17,19;,
  3;17,63,19;,
  3;65,195,66;,
  3;196,197,198;,
  3;197,196,199;,
  3;200,154,153;,
  3;154,200,201;,
  3;202,203,204;,
  3;205,206,207;,
  3;196,208,209;,
  3;208,196,198;,
  3;210,209,211;,
  3;209,210,196;,
  3;212,213,214;,
  3;213,212,215;,
  3;212,214,211;,
  3;201,216,217;,
  3;216,201,200;,
  3;218,219,220;,
  3;219,218,217;,
  3;210,199,196;,
  3;213,205,207;,
  3;221,222,223;,
  3;198,197,224;,
  3;224,225,226;,
  3;225,224,197;,
  3;227,213,207;,
  3;228,229,214;,
  3;229,228,230;,
  3;220,231,232;,
  3;213,228,214;,
  3;156,201,233;,
  3;201,156,154;,
  3;233,217,218;,
  3;217,233,201;,
  3;219,217,234;,
  3;235,219,234;,
  3;236,237,238;,
  3;237,236,239;,
  3;209,240,211;,
  3;240,209,241;,
  3;211,242,212;,
  3;242,211,240;,
  3;243,239,244;,
  3;239,243,237;,
  3;244,236,245;,
  3;236,244,239;,
  3;246,221,223;,
  3;221,246,215;,
  3;221,212,247;,
  3;212,221,215;,
  3;199,248,2;,
  3;248,199,249;,
  3;133,10,250;,
  3;249,210,251;,
  3;210,249,199;,
  3;210,211,251;,
  3;252,1,253;,
  3;1,252,2;,
  3;20,254,18;,
  3;254,20,64;,
  3;24,68,14;,
  3;68,24,255;,
  3;68,256,70;,
  3;256,68,255;,
  3;256,37,70;,
  3;37,256,257;,
  3;258,2,252;,
  3;2,258,199;,
  3;257,259,37;,
  3;37,259,35;,
  3;260,204,261;,
  3;204,260,202;,
  3;262,263,223;,
  3;263,262,264;,
  3;197,258,225;,
  3;258,197,199;,
  3;265,203,227;,
  3;265,207,266;,
  3;207,265,227;,
  3;223,267,246;,
  3;267,223,263;,
  3;88,87,147;,
  3;83,82,85;,
  3;78,16,18;,
  3;16,78,74;,
  3;74,15,16;,
  3;15,74,76;,
  3;15,71,13;,
  3;71,15,76;,
  3;13,268,23;,
  3;268,13,71;,
  3;248,269,2;,
  3;2,269,0;,
  3;136,129,134;,
  3;129,136,131;,
  3;134,96,81;,
  3;96,134,129;,
  3;96,82,81;,
  3;93,96,94;,
  3;29,189,65;,
  3;205,215,246;,
  3;267,205,246;,
  3;205,267,206;,
  3;205,213,215;,
  3;187,188,270;,
  3;224,271,272;,
  3;222,221,208;,
  3;224,222,198;,
  3;272,273,262;,
  3;273,272,271;,
  3;263,274,275;,
  3;273,276,262;,
  3;277,271,278;,
  3;271,277,273;,
  3;222,272,262;,
  3;272,222,224;,
  3;222,208,198;,
  3;209,221,247;,
  3;221,209,208;,
  3;223,222,262;,
  3;266,206,279;,
  3;206,266,207;,
  3;206,280,279;,
  3;280,206,267;,
  3;280,263,275;,
  3;263,280,267;,
  3;264,262,276;,
  3;76,73,72;,
  3;138,281,140;,
  3;73,132,72;,
  3;132,73,151;,
  3;72,71,76;,
  3;271,226,278;,
  3;155,11,8;,
  3;276,277,282;,
  3;277,276,273;,
  3;274,276,282;,
  3;276,274,264;,
  3;28,141,26;,
  3;141,28,139;,
  3;139,132,138;,
  3;132,139,28;,
  3;132,281,138;,
  3;281,132,151;,
  3;281,148,283;,
  3;148,281,151;,
  3;283,149,284;,
  3;149,283,148;,
  3;7,284,149;,
  3;284,7,4;,
  3;5,79,21;,
  3;79,5,77;,
  3;77,7,75;,
  3;7,77,5;,
  3;6,3,4;,
  3;3,6,1;,
  3;285,137,83;,
  3;137,285,135;,
  3;137,81,83;,
  3;92,146,87;,
  3;146,92,144;,
  3;1,22,253;,
  3;22,1,6;,
  3;286,214,229;,
  3;251,211,286;,
  3;214,286,211;,
  3;234,217,216;,
  3;227,202,228;,
  3;202,230,228;,
  3;230,202,260;,
  3;231,219,235;,
  3;228,213,227;,
  3;27,71,25;,
  3;71,27,268;,
  3;155,142,11;,
  3;18,80,78;,
  3;80,18,254;,
  3;271,224,226;,
  3;274,263,264;,
  3;202,227,203;,
  3;231,220,219;,
  3;287,288,289;,
  3;288,287,290;,
  3;291,289,292;,
  3;289,291,287;,
  3;293,292,294;,
  3;292,293,291;,
  3;295,294,296;,
  3;294,295,293;,
  3;296,297,295;,
  3;298,290,299;,
  3;290,298,288;,
  3;300,301,302;,
  3;301,300,303;,
  3;304,300,305;,
  3;300,304,303;,
  3;306,305,307;,
  3;305,306,304;,
  3;308,306,307;,
  3;306,308,309;,
  3;308,310,309;,
  3;145,146,311;,
  3;312,313,314;,
  3;313,312,315;,
  3;316,317,318;,
  3;317,316,319;,
  3;320,321,322;,
  3;321,320,323;,
  3;324,325,326;,
  3;325,324,327;,
  3;328,324,326;,
  3;324,328,329;,
  3;330,331,328;,
  3;331,330,332;,
  3;319,21,317;,
  3;21,319,22;,
  3;327,333,325;,
  3;333,327,334;,
  3;335,336,337;,
  3;336,335,338;,
  3;339,340,341;,
  3;340,339,342;,
  3;340,343,344;,
  3;343,340,342;,
  3;345,346,347;,
  3;346,345,348;,
  3;347,349,350;,
  3;349,347,346;,
  3;348,351,346;,
  3;351,348,352;,
  3;346,353,349;,
  3;353,346,351;,
  3;352,340,351;,
  3;340,352,341;,
  3;351,344,353;,
  3;344,351,340;,
  3;354,355,356;,
  3;355,354,357;,
  3;358,359,360;,
  3;359,358,361;,
  3;361,362,359;,
  3;362,361,363;,
  3;364,365,366;,
  3;365,364,367;,
  3;366,368,369;,
  3;368,366,365;,
  3;367,370,365;,
  3;370,367,371;,
  3;365,372,368;,
  3;372,365,370;,
  3;371,359,370;,
  3;359,371,360;,
  3;370,362,372;,
  3;362,370,359;,
  3;341,331,339;,
  3;331,341,373;,
  3;64,374,332;,
  3;374,64,66;,
  3;327,375,376;,
  3;375,327,324;,
  3;376,377,378;,
  3;377,376,375;,
  3;378,352,348;,
  3;352,378,377;,
  3;358,344,343;,
  3;344,358,360;,
  3;360,353,344;,
  3;353,360,371;,
  3;353,367,349;,
  3;367,353,371;,
