xof 0303txt 0032
template XSkinMeshHeader {
 <3cf169ce-ff7c-44ab-93c0-f78f62d172e2>
 WORD nMaxSkinWeightsPerVertex;
 WORD nMaxSkinWeightsPerFace;
 WORD nBones;
}

template VertexDuplicationIndices {
 <b8d65549-d7c9-4995-89cf-53a9a8b031e3>
 DWORD nIndices;
 DWORD nOriginalVertices;
 array DWORD indices[nIndices];
}

template SkinWeights {
 <6f0d123b-bad2-4167-a0d0-80224f25fabb>
 STRING transformNodeName;
 DWORD nWeights;
 array DWORD vertexIndices[nWeights];
 array FLOAT weights[nWeights];
 Matrix4x4 matrixOffset;
}

template AnimTicksPerSecond {
 <9e415a43-7ba6-4a73-8743-b73d47e88476>
 DWORD AnimTicksPerSecond;
}

template VertexElement {
 <f752461c-1e23-48f6-b9f8-8350850f336f>
 DWORD Type;
 DWORD Method;
 DWORD Usage;
 DWORD UsageIndex;
}

template DeclData {
 <bf22e553-292c-4781-9fea-62bd554bdd93>
 DWORD nElements;
 array VertexElement Elements[nElements];
 DWORD nDWords;
 array DWORD data[nDWords];
}


AnimTicksPerSecond {
 4800;
}

Frame Dummy01 {
 

 FrameTransformMatrix {
  1.000000,0.000000,0.000000,0.000000,0.000000,-0.000000,-1.000000,0.000000,0.000000,1.000000,-0.000000,0.000000,0.000000,0.000000,0.000000,1.000000;;
 }

 Frame Bip01 {
  

  FrameTransformMatrix {
   -0.255894,-0.952850,0.163083,0.000000,-0.960798,0.232065,-0.151701,0.000000,0.106702,-0.195509,-0.974880,0.000000,0.265748,-0.000107,0.364706,1.000000;;
  }

  Frame Bip01_Pelvis {
   

   FrameTransformMatrix {
    -0.000000,1.000000,-0.000001,0.000000,-0.000001,0.000001,1.000000,0.000000,1.000000,-0.000000,0.000001,0.000000,0.000000,0.000000,0.000000,1.000000;;
   }

   Frame Bip01_Spine {
    

    FrameTransformMatrix {
     0.911356,-0.120141,0.393696,0.000000,0.118444,0.992546,0.028706,0.000000,-0.394210,0.020470,0.918793,0.000000,0.051667,-0.000002,-0.000078,1.000000;;
    }

    Frame Bip01_Spine1 {
     

     FrameTransformMatrix {
      0.992007,0.126182,0.000006,0.000000,-0.126182,0.992007,0.000101,0.000000,0.000007,-0.000101,1.000000,0.000000,0.106480,-0.000000,-0.000085,1.000000;;
     }

     Frame Bip01_Neck {
      

      FrameTransformMatrix {
       0.903366,0.000001,0.428870,0.000000,-0.000001,1.000000,-0.000000,0.000000,-0.428870,-0.000000,0.903366,0.000000,0.130516,0.000000,0.004628,1.000000;;
      }

      Frame Bip01_Head {
       

       FrameTransformMatrix {
        0.968848,-0.218042,-0.117439,0.000000,0.136713,0.866272,-0.480502,0.000000,0.206503,0.449478,0.869095,0.000000,0.033674,0.000000,0.000000,1.000000;;
       }

       Frame Bip01_HeadNub {
        

        FrameTransformMatrix {
         1.000000,0.000000,-0.000000,0.000000,0.000000,1.000000,0.000000,0.000000,-0.000000,0.000000,1.000000,0.000000,0.169824,0.000000,-0.000000,1.000000;;
        }
       }
      }

      Frame Bip01_L_Clavicle {
       

       FrameTransformMatrix {
        0.603865,0.770228,0.205171,0.000000,0.704937,-0.395918,-0.588484,0.000000,-0.372036,0.499998,-0.782043,0.000000,-0.023698,0.015715,0.006128,1.000000;;
       }

       Frame Bip01_L_UpperArm {
        

        FrameTransformMatrix {
         0.611298,-0.153540,-0.776363,0.000000,0.771680,-0.101989,0.627781,0.000000,-0.175570,-0.982865,0.056138,0.000000,0.087086,0.000000,0.000000,1.000000;;
        }

        Frame Bip01_L_Forearm {
         

         FrameTransformMatrix {
          -0.769285,-0.000000,-0.638906,0.000000,0.000000,1.000000,0.000000,0.000000,0.638906,0.000000,-0.769284,0.000000,0.137062,0.000000,0.000000,1.000000;;
         }

         Frame Bip01_L_Hand {
          

          FrameTransformMatrix {
           0.922677,0.088352,0.375314,0.000000,-0.384326,0.132496,0.913640,0.000000,0.030995,-0.987238,0.156207,0.000000,0.137062,0.000000,0.000000,1.000000;;
          }

          Frame Bip01_L_Finger0 {
           

           FrameTransformMatrix {
            0.829256,-0.514255,0.218807,0.000000,0.558537,0.749101,-0.356210,0.000000,0.019274,0.417601,0.908427,0.000000,0.057681,-0.023605,-0.000272,1.000000;;
           }

           Frame Bip01_L_Finger0Nub {
            

            FrameTransformMatrix {
             1.000000,-0.000000,0.000000,0.000000,-0.000000,1.000000,0.000000,0.000000,0.000000,0.000000,1.000000,0.000000,0.029435,-0.000000,0.000000,1.000000;;
            }
           }
          }

          Frame Bip01_L_Finger1 {
           

           FrameTransformMatrix {
            0.989590,-0.000115,0.143914,0.000000,0.000000,1.000000,0.000796,0.000000,-0.143914,-0.000788,0.989590,0.000000,0.084102,-0.000000,-0.000000,1.000000;;
           }

           Frame Bip01_L_Finger1Nub {
            

            FrameTransformMatrix {
             1.000000,0.000000,-0.000000,0.000000,-0.000000,1.000000,-0.000000,0.000000,0.000000,-0.000000,1.000000,0.000000,0.047988,-0.000000,0.000000,1.000000;;
            }
           }
          }
         }
        }
       }
      }

      Frame Bip01_R_Clavicle {
       

       FrameTransformMatrix {
        -0.065836,-0.989212,0.130865,0.000000,-0.901460,0.115195,0.417253,0.000000,-0.427827,-0.090499,-0.899319,0.000000,-0.023698,-0.015714,0.006128,1.000000;;
       }

       Frame Bip01_R_UpperArm {
        

        FrameTransformMatrix {
         -0.234852,0.815014,-0.529714,0.000000,-0.243499,0.478251,0.843791,0.000000,0.941038,0.327151,0.086137,0.000000,0.087086,-0.000000,0.000000,1.000000;;
        }

        Frame Bip01_R_Forearm {
         

         FrameTransformMatrix {
          0.160651,-0.000000,-0.987011,0.000000,-0.000000,1.000000,0.000000,0.000000,0.987011,0.000000,0.160651,0.000000,0.137062,-0.000000,0.000000,1.000000;;
         }

         Frame Bip01_R_Hand {
          

          FrameTransformMatrix {
           0.250346,-0.966869,-0.049904,0.000000,0.100877,0.077315,-0.991890,0.000000,0.962887,0.243282,0.116890,0.000000,0.137062,0.000000,0.000000,1.000000;;
          }

          Frame Bip01_R_Finger0 {
           

           FrameTransformMatrix {
            0.829256,0.514255,0.218807,0.000000,-0.558537,0.749101,0.356210,0.000000,0.019274,-0.417601,0.908427,0.000000,0.057681,0.023605,-0.000272,1.000000;;
           }

           Frame Bip01_R_Finger0Nub {
            

            FrameTransformMatrix {
             -1.000000,0.000000,-0.000000,0.000000,0.000000,1.000000,0.000000,0.000000,-0.000000,0.000000,-1.000000,0.000000,0.029435,0.000000,0.000000,1.000000;;
            }
           }
          }

          Frame Bip01_R_Finger1 {
           

           FrameTransformMatrix {
            0.989590,0.000115,0.143914,0.000000,0.000000,1.000000,-0.000796,0.000000,-0.143914,0.000788,0.989590,0.000000,0.084102,0.000000,0.000000,1.000000;;
           }

           Frame Bip01_R_Finger1Nub {
            

            FrameTransformMatrix {
             -1.000000,-0.000000,-0.000000,0.000000,0.000000,1.000000,-0.000000,0.000000,-0.000000,0.000000,-1.000000,0.000000,0.047988,0.000000,-0.000000,1.000000;;
            }
           }
          }
         }
        }
       }
      }
     }

     Frame Bip01_BackPack {
      

      FrameTransformMatrix {
       0.175546,-0.384528,-0.906268,0.000000,0.004789,0.920886,-0.389802,0.000000,0.984460,0.064088,0.163500,0.000000,0.063696,-0.016688,-0.088855,1.000000;;
      }

      Frame Bip01_BackPackNub {
       

       FrameTransformMatrix {
        0.000796,0.000003,1.000000,0.000000,0.000000,-1.000000,0.000003,0.000000,1.000000,0.000000,-0.000796,0.000000,0.053240,0.000000,-0.000000,1.000000;;
       }
      }
     }
    }

    Frame Bip01_L_Thigh {
     

     FrameTransformMatrix {
      -0.934250,-0.008665,0.356515,0.000000,0.013365,-0.999853,0.010721,0.000000,0.356369,0.014781,0.934228,0.000000,-0.053691,0.048698,0.021570,1.000000;;
     }

     Frame Bip01_L_Calf {
      

      FrameTransformMatrix {
       0.855376,-0.000000,-0.518007,0.000000,0.000000,1.000000,0.000000,0.000000,0.518007,-0.000000,0.855376,0.000000,0.237500,0.000000,0.000000,1.000000;;
      }

      Frame Bip01_L_Foot {
       

       FrameTransformMatrix {
        0.879478,0.412780,-0.236921,0.000000,-0.379884,0.908706,0.173038,0.000000,0.286718,-0.062180,0.955995,0.000000,0.206841,0.000000,0.000000,1.000000;;
       }

       Frame Bip01_L_Toe0 {
        

        FrameTransformMatrix {
         -0.000002,0.000000,1.000000,0.000000,-0.000001,1.000000,-0.000000,0.000000,-1.000000,-0.000001,-0.000002,0.000000,0.065373,-0.000000,0.066450,1.000000;;
        }

        Frame Bip01_L_Toe0Nub {
         

         FrameTransformMatrix {
          -1.000000,0.000000,-0.000000,0.000000,0.000000,1.000000,-0.000000,0.000000,0.000000,-0.000000,-1.000000,0.000000,0.006735,0.000000,0.000000,1.000000;;
         }
        }
       }
      }
     }
    }

    Frame Bip01_R_Thigh {
     

     FrameTransformMatrix {
      -0.631191,0.383683,0.674081,0.000000,-0.129872,-0.909090,0.395840,0.000000,0.764678,0.162306,0.623639,0.000000,-0.040422,-0.060929,0.019309,1.000000;;
     }

     Frame Bip01_R_Calf {
      

      FrameTransformMatrix {
       0.633765,0.000000,-0.773526,0.000000,0.000000,1.000000,-0.000000,0.000000,0.773526,-0.000000,0.633765,0.000000,0.237500,-0.000000,0.000000,1.000000;;
      }

      Frame Bip01_R_Foot {
       

       FrameTransformMatrix {
        0.887711,0.291936,-0.356009,0.000000,-0.343836,0.934615,-0.090951,0.000000,0.306179,0.203147,0.930046,0.000000,0.206841,0.000000,0.000000,1.000000;;
       }

       Frame Bip01_R_Toe0 {
        

        FrameTransformMatrix {
         -0.000002,-0.000000,1.000000,0.000000,0.000000,1.000000,0.000000,0.000000,-1.000000,0.000000,-0.000002,0.000000,0.065373,0.000000,0.066450,1.000000;;
        }

        Frame Bip01_R_Toe0Nub {
         

         FrameTransformMatrix {
          1.000000,-0.000000,-0.000000,0.000000,0.000000,1.000000,0.000000,0.000000,-0.000000,0.000000,1.000000,0.000000,0.006735,0.000000,0.000000,1.000000;;
         }
        }
       }
      }
     }
    }
   }

   Frame Bip01_DressFront {
    

    FrameTransformMatrix {
     -0.707985,0.649776,0.276673,0.000000,0.590021,0.759506,-0.273909,0.000000,-0.388115,-0.030681,-0.921100,0.000000,-0.038930,0.013433,0.059039,1.000000;;
    }

    Frame Bip01_DressFront02 {
     

     FrameTransformMatrix {
      0.879319,-0.279193,0.385811,0.000000,0.320001,0.946372,-0.044483,0.000000,-0.352702,0.162575,0.921505,0.000000,0.183371,-0.000021,-0.000121,1.000000;;
     }

     Frame Bip01_DressFrontNub {
      

      FrameTransformMatrix {
       0.000796,0.000003,1.000000,0.000000,-0.000000,-1.000000,0.000003,0.000000,1.000000,0.000000,-0.000796,0.000000,0.165302,0.000000,0.000000,1.000000;;
      }
     }
    }
   }

   Frame Bip01_DressBack {
    

    FrameTransformMatrix {
     -0.879906,0.155526,0.448973,0.000000,-0.104196,0.858754,-0.501682,0.000000,-0.463582,-0.488214,-0.739418,0.000000,-0.048834,-0.009428,-0.074957,1.000000;;
    }

    Frame Bip01_DressBack02 {
     

     FrameTransformMatrix {
      0.669175,0.305138,0.677566,0.000000,-0.740667,0.200089,0.641386,0.000000,0.060138,-0.931051,0.359900,0.000000,0.176152,0.000101,-0.000039,1.000000;;
     }

     Frame Bip01_DressBackNub {
      

      FrameTransformMatrix {
       0.000796,0.000003,1.000000,0.000000,0.000000,-1.000000,0.000003,0.000000,1.000000,-0.000000,-0.000796,0.000000,0.136508,0.000000,0.000000,1.000000;;
      }
     }
    }
   }
  }

  Frame Bip01_Prop1 {
   

   FrameTransformMatrix {
    -0.274555,0.108556,0.955424,0.000000,-0.076752,0.987963,-0.134309,0.000000,-0.958503,-0.110206,-0.262918,0.000000,0.211319,0.145217,0.091870,1.000000;;
   }
  }

  Frame Bip01_Prop2 {
   

   FrameTransformMatrix {
    -0.138835,0.981473,-0.132044,0.000000,-0.970782,-0.161234,-0.177726,0.000000,-0.195723,0.103511,0.975181,0.000000,0.193137,0.414548,0.012781,1.000000;;
   }
  }
 }
}

Frame Translation_Data {
 

 FrameTransformMatrix {
  1.000000,0.000000,0.000000,0.000000,0.000000,-0.000000,-1.000000,0.000000,0.000000,1.000000,-0.000000,0.000000,0.000000,-0.000000,0.000000,1.000000;;
 }
}

Frame Body {
 

 FrameTransformMatrix {
  1.000000,0.000000,0.000000,0.000000,0.000000,1.000000,0.000000,0.000000,0.000000,0.000000,1.000000,0.000000,0.000000,0.000000,0.000000,1.000000;;
 }

 Mesh Body {
  617;
  -0.005084;0.310110;0.071193;,
  -0.011954;0.325922;0.041750;,
  0.019218;0.326468;0.055049;,
  0.016937;0.296569;0.077500;,
  0.048139;0.279403;0.062802;,
  0.052502;0.324969;0.069492;,
  0.086079;0.317410;0.073496;,
  0.083461;0.275470;0.049945;,
  -0.036040;0.316202;0.007988;,
  -0.024978;0.289329;0.029991;,
  -0.010911;0.267102;-0.004599;,
  -0.017265;0.294876;-0.021200;,
  0.237119;0.269647;-0.031950;,
  0.243462;0.306676;-0.062134;,
  0.224435;0.304846;-0.058860;,
  0.220775;0.275375;-0.031662;,
  0.209389;0.289724;0.020410;,
  0.241588;0.277714;0.010294;,
  0.205872;0.322497;0.044941;,
  0.258464;0.331163;0.046651;,
  0.255072;0.300427;0.041228;,
  0.046481;0.365356;0.065245;,
  0.083508;0.371786;0.071078;,
  0.243022;0.348331;-0.069140;,
  0.222928;0.346991;-0.066800;,
  0.109708;0.297808;-0.052198;,
  0.105812;0.348003;-0.065616;,
  0.067613;0.344813;-0.066912;,
  0.070843;0.289738;-0.052186;,
  0.302152;0.320298;0.060300;,
  0.399590;0.320370;0.081288;,
  0.408372;0.278119;0.061458;,
  0.312816;0.279837;0.031574;,
  0.498152;0.326736;0.102278;,
  0.501288;0.290395;0.065085;,
  0.305703;0.363551;0.029577;,
  0.343850;0.351070;-0.046588;,
  0.420049;0.342627;-0.023602;,
  0.404095;0.362614;0.047933;,
  0.499007;0.336056;0.017882;,
  0.500787;0.346707;0.057804;,
  0.343360;0.276462;-0.021817;,
  0.420748;0.265959;-0.000946;,
  0.497513;0.296044;0.025706;,
  0.749438;0.309157;-0.052390;,
  0.737674;0.351905;-0.044692;,
  0.711321;0.342789;-0.084764;,
  0.721989;0.309825;-0.088593;,
  0.556277;0.319868;0.065879;,
  0.626872;0.318506;0.043396;,
  0.621736;0.284504;0.021079;,
  0.550646;0.283716;0.044054;,
  0.704917;0.313648;0.017620;,
  0.697549;0.289854;-0.006548;,
  0.566415;0.355736;0.031021;,
  0.537461;0.344967;-0.015374;,
  0.602374;0.338147;-0.024242;,
  0.621809;0.342927;0.013620;,
  0.675587;0.317304;-0.026439;,
  0.695897;0.327468;-0.006172;,
  0.531981;0.274358;-0.000762;,
  0.605452;0.277142;-0.013072;,
  0.674230;0.293305;-0.022308;,
  0.271290;0.275299;0.013260;,
  0.258430;0.374260;0.051740;,
  0.295159;0.377210;0.046403;,
  0.305703;0.363551;0.029577;,
  0.290434;0.265546;-0.036959;,
  0.292508;0.310601;-0.069327;,
  0.333629;0.276288;-0.026697;,
  0.332487;0.317256;-0.056471;,
  0.158884;0.302739;-0.052216;,
  0.114544;0.270259;-0.029117;,
  0.111759;0.262158;-0.009778;,
  0.113104;0.278757;0.041909;,
  0.161029;0.293149;0.026533;,
  0.160847;0.276199;-0.021335;,
  0.116895;0.319369;0.070405;,
  0.165871;0.321225;0.050460;,
  0.114054;0.374000;0.066782;,
  0.169281;0.370133;0.045546;,
  -0.052512;0.260958;0.106565;,
  -0.043299;0.312352;0.093550;,
  -0.050147;0.255424;0.156851;,
  -0.045090;0.315095;0.154922;,
  -0.018131;0.305812;0.203040;,
  -0.025436;0.258068;0.206331;,
  0.016440;0.308807;0.104977;,
  0.020751;0.309667;0.155878;,
  -0.045090;0.315095;0.154922;,
  -0.003174;0.309748;0.222439;,
  -0.018131;0.305812;0.203040;,
  0.023311;0.299805;0.104565;,
  0.013240;0.256224;0.108260;,
  0.015771;0.249865;0.157517;,
  -0.010733;0.262218;0.225926;,
  -0.024250;0.251089;0.106507;,
  -0.016871;0.250309;0.177688;,
  -0.007131;0.306265;0.169058;,
  -0.052717;0.302083;0.129229;,
  -0.056887;0.266308;0.136310;,
  -0.086956;0.304675;0.102834;,
  -0.093452;0.279063;0.103971;,
  -0.007131;0.306265;0.169058;,
  -0.042546;0.320554;0.217943;,
  -0.088597;0.307072;0.173521;,
  -0.052717;0.302083;0.129229;,
  -0.110266;0.304826;0.134318;,
  -0.086956;0.304675;0.102834;,
  -0.052160;0.264882;0.226230;,
  -0.091352;0.279546;0.178891;,
  -0.117333;0.287510;0.131911;,
  -0.208134;0.301791;0.035538;,
  -0.194065;0.318144;0.039842;,
  -0.200576;0.325215;0.087025;,
  -0.214242;0.309031;0.082285;,
  -0.152242;0.309991;0.035595;,
  -0.162784;0.307342;0.038363;,
  -0.161503;0.296425;0.038856;,
  -0.149128;0.299622;0.031251;,
  -0.135037;0.319557;0.120631;,
  -0.169154;0.311195;0.107901;,
  -0.142077;0.299324;0.064184;,
  -0.114173;0.316645;0.075594;,
  -0.137941;0.281951;0.123606;,
  -0.178022;0.293495;0.105419;,
  -0.115392;0.277859;0.076950;,
  -0.151367;0.281718;0.063755;,
  -0.047287;0.275006;0.055003;,
  -0.049624;0.291832;0.079399;,
  -0.024978;0.289329;0.029991;,
  -0.027525;0.306826;0.052160;,
  0.072052;0.256772;-0.028240;,
  -0.025219;0.312204;0.034230;,
  -0.031542;0.301405;0.093848;,
  -0.005084;0.310110;0.071193;,
  0.016937;0.296569;0.077500;,
  -0.022140;0.288857;0.094163;,
  0.031912;0.254108;-0.007534;,
  0.034562;0.285674;-0.042786;,
  0.028026;0.252533;-0.001516;,
  0.033041;0.342017;-0.056978;,
  -0.017490;0.342149;-0.024522;,
  -0.010911;0.267102;-0.004599;,
  0.028026;0.252533;-0.001516;,
  0.046315;0.274746;0.043540;,
  0.031367;0.253203;0.012304;,
  -0.043299;0.312352;0.093550;,
  0.078756;0.260981;0.003108;,
  0.085059;0.274530;0.035186;,
  0.048139;0.279403;0.062802;,
  0.074709;0.252544;-0.011112;,
  -0.114173;0.316645;0.075594;,
  -0.066954;0.327726;0.021201;,
  -0.057712;0.318599;0.039671;,
  -0.041766;0.343577;-0.001253;,
  -0.070330;0.353030;0.013925;,
  -0.151367;0.281718;0.063755;,
  -0.208134;0.301791;0.035538;,
  -0.214242;0.309031;0.082285;,
  -0.137427;0.317102;0.046916;,
  -0.135165;0.291601;0.042970;,
  -0.137427;0.317102;0.046916;,
  -0.152147;0.309694;0.053642;,
  -0.148415;0.286223;0.060042;,
  -0.148415;0.286223;0.060042;,
  -0.152242;0.309991;0.035595;,
  -0.149128;0.299622;0.031251;,
  -0.161503;0.296425;0.038856;,
  0.779275;0.303005;0.021664;,
  0.793741;0.337009;0.054030;,
  0.812414;0.342154;0.049118;,
  0.801535;0.305086;0.014517;,
  0.690990;0.336833;-0.056578;,
  0.711321;0.342789;-0.084764;,
  0.737674;0.351905;-0.044692;,
  0.719791;0.345648;-0.028193;,
  0.675587;0.317304;-0.026439;,
  0.674230;0.293305;-0.022308;,
  0.701513;0.296618;-0.059223;,
  0.749438;0.309157;-0.052390;,
  0.721989;0.309825;-0.088593;,
  0.724702;0.297399;-0.030514;,
  0.704917;0.313648;0.017620;,
  0.697549;0.289854;-0.006548;,
  0.795844;0.374339;0.044680;,
  0.781723;0.363092;0.046989;,
  0.801535;0.305086;0.014517;,
  0.795844;0.374339;0.044680;,
  0.404095;0.362614;0.047933;,
  0.500787;0.346707;0.057804;,
  0.566415;0.355736;0.031021;,
  0.621809;0.342927;0.013620;,
  0.695897;0.327468;-0.006172;,
  0.695897;0.327468;-0.006172;,
  0.320095;0.370877;0.001215;,
  -0.066207;0.309187;0.050788;,
  -0.055067;0.311874;0.068932;,
  -0.046933;0.319264;0.066636;,
  -0.047455;0.325881;0.053705;,
  -0.088088;0.326311;0.036436;,
  -0.100610;0.340898;0.021841;,
  -0.182269;0.361727;0.111573;,
  -0.180913;0.381359;0.116176;,
  -0.161974;0.372116;0.137318;,
  -0.112059;0.322366;0.130802;,
  -0.139288;0.334006;0.133234;,
  -0.104400;0.336571;0.139306;,
  -0.094123;0.311108;0.055678;,
  -0.074366;0.309939;0.077890;,
  -0.078615;0.315279;0.046569;,
  -0.131372;0.321862;0.051131;,
  -0.134360;0.318201;0.075208;,
  -0.166163;0.325488;0.093101;,
  -0.154039;0.326783;0.118230;,
  -0.121621;0.314838;0.099059;,
  -0.148881;0.345999;0.023427;,
  -0.138690;0.329056;0.037824;,
  -0.141815;0.385888;0.019608;,
  -0.181661;0.393113;0.047709;,
  -0.186312;0.359153;0.051322;,
  -0.101277;0.309692;0.090389;,
  -0.085893;0.316603;0.112590;,
  -0.058975;0.313349;0.088977;,
  -0.029011;0.318905;0.093895;,
  -0.017630;0.334322;0.104540;,
  -0.021738;0.338958;0.084326;,
  -0.158241;0.344600;0.132302;,
  -0.178541;0.340970;0.104605;,
  -0.182808;0.339692;0.065534;,
  -0.192380;0.354157;0.081690;,
  -0.192168;0.390540;0.081709;,
  -0.194345;0.373193;0.080371;,
  -0.103289;0.374680;0.017517;,
  -0.182808;0.339692;0.065534;,
  -0.192380;0.354157;0.081690;,
  -0.098193;0.305628;0.056177;,
  -0.131256;0.305914;0.046927;,
  -0.144907;0.312869;0.061720;,
  -0.124396;0.314307;0.061306;,
  -0.131256;0.305914;0.046927;,
  -0.098193;0.305628;0.056177;,
  -0.144907;0.312869;0.061720;,
  -0.134360;0.318201;0.075208;,
  -0.110386;0.310807;0.073216;,
  -0.094123;0.311108;0.055678;,
  -0.106199;0.321733;0.120121;,
  -0.110386;0.310807;0.073216;,
  -0.025219;0.312204;0.034230;,
  -0.057712;0.318599;0.039671;,
  -0.027525;0.306826;0.052160;,
  -0.088088;0.326311;0.036436;,
  -0.002432;0.357866;0.054017;,
  0.020907;0.361075;0.057333;,
  0.203767;0.365755;0.040305;,
  0.290495;0.352009;-0.076712;,
  0.322545;0.357688;-0.065886;,
  0.338994;0.361324;-0.056422;,
  -0.025089;0.351128;0.068213;,
  0.320095;0.370877;0.001215;,
  -0.194345;0.373193;0.080371;,
  -0.192168;0.390540;0.081709;,
  -0.056665;0.323979;0.109169;,
  -0.073465;0.334436;0.124341;,
  -0.064593;0.332073;0.121355;,
  -0.149883;0.367093;0.145598;,
  -0.126223;0.359157;0.150565;,
  -0.098175;0.338794;0.128091;,
  0.157900;0.348873;-0.063271;,
  -0.027525;0.306826;0.052160;,
  0.812414;0.342154;0.049118;,
  -0.050517;0.323149;0.106878;,
  -0.044553;0.328284;0.113905;,
  -0.049907;0.330381;0.112155;,
  -0.063958;0.342378;0.139251;,
  -0.058692;0.342739;0.127726;,
  -0.052125;0.330335;0.117965;,
  -0.046729;0.341361;0.114593;,
  -0.038922;0.338477;0.117805;,
  -0.096742;0.350775;0.147811;,
  -0.089178;0.349633;0.141110;,
  0.031367;0.253203;0.012304;,
  -0.047936;0.340259;0.123288;,
  0.043527;0.275769;0.026230;,
  0.046315;0.274746;0.043540;,
  0.048139;0.279403;0.062802;,
  -0.138690;0.329056;0.037824;,
  0.556277;0.319868;0.065879;,
  0.509196;0.305355;0.123032;,
  0.581725;0.285887;0.118788;,
  0.626872;0.318506;0.043396;,
  0.498152;0.326736;0.102278;,
  0.453462;0.320032;0.122152;,
  0.399590;0.320370;0.081288;,
  0.375371;0.345775;0.088832;,
  0.302152;0.320298;0.060300;,
  0.299550;0.364193;0.062264;,
  0.258464;0.331163;0.046651;,
  0.650974;0.276836;0.119226;,
  0.704917;0.313648;0.017620;,
  0.602319;0.338688;-0.047134;,
  0.670065;0.335396;-0.065128;,
  0.651460;0.374797;0.016799;,
  0.579568;0.373542;0.026579;,
  0.512569;0.363253;0.038002;,
  0.535564;0.338152;-0.028187;,
  0.452979;0.366031;0.054039;,
  0.499441;0.337786;-0.012504;,
  0.422517;0.341038;-0.038273;,
  0.402158;0.365061;-0.013313;,
  0.347720;0.366258;-0.056584;,
  0.043527;0.275769;0.026230;,
  0.000083;0.424027;0.039009;,
  0.019257;0.436200;0.038140;,
  0.011916;0.391591;0.043417;,
  -0.018113;0.380850;0.031939;,
  0.032026;0.444290;0.030932;,
  0.068554;0.452957;0.017496;,
  0.077198;0.423154;0.054163;,
  0.043523;0.405049;0.055188;,
  -0.042411;0.373022;-0.002162;,
  -0.027548;0.386580;-0.037580;,
  -0.025427;0.421319;-0.035979;,
  -0.026825;0.420297;-0.003081;,
  0.219332;0.432158;-0.064541;,
  0.208169;0.424851;-0.061553;,
  0.217370;0.388622;-0.075613;,
  0.234493;0.388616;-0.078567;,
  0.197655;0.428861;-0.007414;,
  0.223615;0.441924;-0.022638;,
  0.198721;0.407297;0.027984;,
  0.239711;0.436095;0.013479;,
  0.249710;0.411148;0.030610;,
  0.222928;0.346991;-0.066800;,
  0.243022;0.348331;-0.069140;,
  0.104790;0.399809;-0.071392;,
  0.061471;0.401324;-0.072587;,
  0.067613;0.344813;-0.066912;,
  0.105812;0.348003;-0.065616;,
  0.266289;0.412348;0.044872;,
  0.293869;0.444000;0.021062;,
  0.361876;0.418298;0.098470;,
  0.333258;0.382405;0.110641;,
  0.434762;0.381787;0.144658;,
  0.411155;0.350387;0.175912;,
  0.264885;0.360944;0.019988;,
  0.339879;0.337173;0.081873;,
  0.391452;0.344242;0.026541;,
  0.337452;0.362296;-0.037678;,
  0.421747;0.327151;0.136356;,
  0.435208;0.334817;0.100375;,
  0.404035;0.419836;0.049322;,
  0.338737;0.435430;-0.020795;,
  0.442058;0.374290;0.108066;,
  0.681428;0.350684;0.070275;,
  0.661485;0.348792;0.029492;,
  0.666878;0.314777;0.024112;,
  0.689949;0.306671;0.066366;,
  0.480079;0.340411;0.153457;,
  0.486337;0.376341;0.131437;,
  0.557848;0.358450;0.119265;,
  0.551546;0.324737;0.141722;,
  0.629559;0.334588;0.104253;,
  0.632686;0.311235;0.127575;,
  0.486548;0.302334;0.120099;,
  0.545339;0.301456;0.111258;,
  0.533343;0.309716;0.070984;,
  0.468059;0.318428;0.070040;,
  0.637715;0.299516;0.098718;,
  0.611952;0.307685;0.078629;,
  0.548939;0.368576;0.083157;,
  0.477173;0.388702;0.084452;,
  0.609818;0.330993;0.084416;,
  0.252015;0.451409;-0.022058;,
  0.264885;0.360944;0.019988;,
  0.283540;0.392542;-0.085760;,
  0.270789;0.445035;-0.072955;,
  0.328697;0.396128;-0.063070;,
  0.324950;0.440784;-0.041359;,
  0.155969;0.395778;-0.070157;,
  0.106634;0.434320;-0.059988;,
  0.102764;0.448724;-0.044884;,
  0.155969;0.431923;-0.051364;,
  0.156618;0.433945;-0.000617;,
  0.104721;0.452638;0.009190;,
  0.162868;0.417073;0.031978;,
  0.111755;0.425959;0.050348;,
  0.011857;0.428135;0.046056;,
  0.054674;0.422598;0.072533;,
  0.019823;0.412346;-0.004766;,
  0.101176;0.421983;0.084725;,
  0.114914;0.402518;0.042455;,
  0.073098;0.396844;0.021668;,
  0.052392;0.461735;-0.019324;,
  0.073098;0.396844;0.021668;,
  0.098452;0.454444;0.001546;,
  0.114914;0.402518;0.042455;,
  0.148998;0.432194;0.037301;,
  0.052037;0.472146;-0.014861;,
  0.079767;0.480388;0.052354;,
  0.038026;0.485155;0.025745;,
  0.135482;0.451478;0.079548;,
  0.020050;0.456794;0.043278;,
  0.085795;0.412468;0.088286;,
  0.083785;0.353732;0.099031;,
  0.093118;0.335904;0.068331;,
  0.100514;0.388147;0.038364;,
  0.085513;0.304910;0.109769;,
  0.091222;0.293777;0.089993;,
  0.100514;0.388147;0.038364;,
  0.093118;0.335904;0.068331;,
  0.145828;0.343338;0.089315;,
  0.161664;0.394325;0.052754;,
  0.091222;0.293777;0.089993;,
  0.127227;0.298111;0.105946;,
  0.138359;0.357265;0.112645;,
  0.146924;0.418573;0.102339;,
  0.121831;0.305791;0.120068;,
  0.030793;0.307605;0.214251;,
  0.077580;0.299993;0.219545;,
  0.081318;0.281714;0.208451;,
  0.034072;0.289109;0.202805;,
  0.028155;0.290671;0.160423;,
  0.023925;0.300546;0.155873;,
  0.032150;0.305425;0.167265;,
  0.031454;0.294869;0.170288;,
  0.112086;0.275903;0.141547;,
  0.066245;0.276856;0.122318;,
  0.056509;0.298714;0.147544;,
  0.101096;0.289941;0.174381;,
  0.099436;0.308888;0.180409;,
  0.116084;0.313385;0.138300;,
  0.068578;0.315287;0.117287;,
  0.056915;0.317573;0.153920;,
  -0.027827;0.447937;-0.006383;,
  -0.026407;0.455271;0.022533;,
  -0.021739;0.418738;0.021025;,
  -0.026825;0.420297;-0.003081;,
  0.056627;0.440430;-0.061817;,
  -0.033716;0.387979;0.020695;,
  -0.007029;0.452023;0.040806;,
  0.011785;0.445888;0.027825;,
  0.019257;0.436200;0.038140;,
  0.000083;0.424027;0.039009;,
  0.012971;0.444953;-0.049840;,
  0.009269;0.447991;-0.045388;,
  0.021884;0.398743;-0.062982;,
  0.033041;0.342017;-0.056978;,
  -0.017490;0.342149;-0.024522;,
  -0.025427;0.421319;-0.035979;,
  0.009269;0.447991;-0.045388;,
  0.036472;0.441302;0.003425;,
  0.019823;0.412346;-0.004766;,
  0.018408;0.449994;-0.037570;,
  0.070422;0.448817;0.003322;,
  0.062980;0.448827;-0.031235;,
  0.032026;0.444290;0.030932;,
  0.058052;0.450868;-0.047371;,
  0.066245;0.276856;0.122318;,
  -0.052971;0.386447;0.037948;,
  -0.063446;0.377920;0.019926;,
  -0.070330;0.353030;0.013925;,
  -0.041766;0.343577;-0.001253;,
  0.056915;0.317573;0.153920;,
  0.030793;0.307605;0.214251;,
  0.077580;0.299993;0.219545;,
  0.035196;0.305894;0.140351;,
  0.038630;0.280963;0.146485;,
  0.038630;0.280963;0.146485;,
  0.046182;0.290397;0.159555;,
  0.052967;0.312774;0.151876;,
  0.052967;0.312774;0.151876;,
  0.023925;0.300546;0.155873;,
  0.028155;0.290671;0.160423;,
  0.032150;0.305425;0.167265;,
  0.696846;0.347693;0.148795;,
  0.718185;0.357204;0.146523;,
  0.741114;0.320014;0.174466;,
  0.721763;0.315277;0.176025;,
  0.643174;0.303516;0.047662;,
  0.669528;0.299973;0.079376;,
  0.689949;0.306671;0.066366;,
  0.666878;0.314777;0.024112;,
  0.611952;0.307685;0.078629;,
  0.634180;0.343404;0.055602;,
  0.609818;0.330993;0.084416;,
  0.681428;0.350684;0.070275;,
  0.651852;0.344366;0.087995;,
  0.661485;0.348792;0.029492;,
  0.632686;0.311235;0.127575;,
  0.629559;0.334588;0.104253;,
  0.723972;0.289692;0.161366;,
  0.741845;0.286525;0.160043;,
  0.741845;0.286525;0.160043;,
  0.718185;0.357204;0.146523;,
  0.339879;0.337173;0.081873;,
  0.421747;0.327151;0.136356;,
  0.486548;0.302334;0.120099;,
  0.545339;0.301456;0.111258;,
  0.637715;0.299516;0.098718;,
  0.637715;0.299516;0.098718;,
  -0.040040;0.396389;0.065472;,
  -0.043782;0.378438;0.052370;,
  -0.030709;0.373330;0.075740;,
  -0.033775;0.382829;0.080881;,
  -0.066290;0.398953;0.048668;,
  -0.083304;0.398569;0.031553;,
  -0.171100;0.398948;0.117841;,
  -0.180913;0.381359;0.116176;,
  -0.092811;0.386509;0.141603;,
  -0.094777;0.368641;0.144707;,
  -0.122122;0.391212;0.142867;,
  -0.049739;0.392012;0.091711;,
  -0.064934;0.408382;0.072059;,
  -0.053338;0.399515;0.060754;,
  -0.101545;0.421262;0.067869;,
  -0.104263;0.418501;0.092098;,
  -0.093925;0.407133;0.114601;,
  -0.129266;0.409340;0.132132;,
  -0.136472;0.424434;0.109764;,
  -0.110343;0.423526;0.053733;,
  -0.126683;0.419974;0.035884;,
  -0.141815;0.385888;0.019608;,
  -0.167667;0.421290;0.061786;,
  -0.181661;0.393113;0.047709;,
  -0.073313;0.402884;0.106082;,
  -0.039658;0.377727;0.099818;,
  -0.066121;0.382495;0.123686;,
  -0.017944;0.355787;0.100106;,
  -0.143624;0.393313;0.140505;,
  -0.156204;0.415408;0.117140;,
  -0.172821;0.419340;0.092666;,
  -0.155568;0.430470;0.080821;,
  -0.184565;0.405786;0.085859;,
  -0.192168;0.390540;0.081709;,
  -0.103289;0.374680;0.017517;,
  -0.155568;0.430470;0.080821;,
  -0.172821;0.419340;0.092666;,
  -0.065453;0.414735;0.074551;,
  -0.092557;0.420410;0.079173;,
  -0.109031;0.432425;0.081852;,
  -0.092510;0.435037;0.068671;,
  -0.065453;0.414735;0.074551;,
  -0.092510;0.435037;0.068671;,
  -0.109031;0.432425;0.081852;,
  -0.104263;0.418501;0.092098;,
  -0.080002;0.412064;0.090268;,
  -0.064934;0.408382;0.072059;,
  -0.086590;0.387080;0.131126;,
  -0.080002;0.412064;0.090268;,
  -0.052971;0.386447;0.037948;,
  -0.033716;0.387979;0.020695;,
  -0.021739;0.418738;0.021025;,
  -0.066290;0.398953;0.048668;,
  0.290495;0.352009;-0.076712;,
  0.322545;0.357688;-0.065886;,
  0.338994;0.361324;-0.056422;,
  0.320095;0.370877;0.001215;,
  -0.184565;0.405786;0.085859;,
  -0.192168;0.390540;0.081709;,
  -0.045247;0.362027;0.115576;,
  -0.057343;0.356231;0.125424;,
  -0.066325;0.358231;0.128348;,
  -0.089733;0.366925;0.132828;,
  0.157900;0.348873;-0.063271;,
  -0.021739;0.418738;0.021025;,
  0.741114;0.320014;0.174466;,
  -0.037824;0.350708;0.117681;,
  -0.039438;0.360072;0.113096;,
  -0.043283;0.352455;0.115872;,
  -0.045644;0.351932;0.121601;,
  0.018408;0.449994;-0.037570;,
  0.032532;0.435672;-0.013354;,
  0.036472;0.441302;0.003425;,
  0.032026;0.444290;0.030932;,
  -0.110343;0.423526;0.053733;,
  0.470242;0.294080;0.166987;,
  0.546169;0.286394;0.169196;,
  0.556312;0.282143;0.154971;,
  0.482265;0.294882;0.147760;,
  0.407836;0.311333;0.168425;,
  0.417618;0.298516;0.149097;,
  0.337389;0.336359;0.106875;,
  0.354640;0.331309;0.103876;,
  0.270516;0.365677;0.055650;,
  0.290012;0.363461;0.063365;,
  0.258430;0.374260;0.051740;,
  0.249710;0.411148;0.030610;,
  0.616041;0.272995;0.175102;,
  0.619003;0.271372;0.164883;,
  0.616562;0.302894;0.041563;,
  0.609815;0.330980;0.084412;,
  0.548939;0.368576;0.083157;,
  0.543992;0.318326;0.051874;,
  0.477173;0.388702;0.084452;,
  0.472905;0.328399;0.056706;,
  0.444199;0.331668;0.069527;,
  0.442058;0.374290;0.108066;,
  0.404035;0.419836;0.049322;,
  0.402851;0.343136;0.013306;,
  0.322545;0.357688;-0.065886;,
  0.328697;0.396128;-0.063070;,
  0.032532;0.435672;-0.013354;,
  0.266289;0.412348;0.044872;,
  0.333258;0.382405;0.110641;,
  0.411155;0.350387;0.175912;,
  0.480079;0.340411;0.153457;,
  0.551546;0.324737;0.141722;,
  0.632686;0.311235;0.127575;,
  0.343360;0.276462;-0.021817;,
  0.420748;0.265959;-0.000946;,
  0.332487;0.317256;-0.056471;,
  0.497513;0.296044;0.025706;,
  0.531981;0.274358;-0.000762;,
  0.605452;0.277142;-0.013072;,
  0.674230;0.293305;-0.022308;,
  0.338737;0.435430;-0.020795;;
  916;
  3;0,2,1;,
  3;2,0,3;,
  3;4,6,5;,
  3;6,4,7;,
  3;8,10,9;,
  3;10,8,11;,
  3;12,14,13;,
  3;14,12,15;,
  3;16,12,17;,
  3;12,16,15;,
  3;18,20,19;,
  3;20,18,16;,
  3;5,22,21;,
  3;22,5,6;,
  3;13,24,23;,
  3;24,13,14;,
  3;25,27,26;,
  3;27,25,28;,
  3;29,31,30;,
  3;31,29,32;,
  3;31,33,30;,
  3;33,31,34;,
  3;35,37,36;,
  3;37,35,38;,
  3;38,39,37;,
  3;39,38,40;,
  3;36,42,41;,
  3;42,36,37;,
  3;37,43,42;,
  3;43,37,39;,
  3;41,31,32;,
  3;31,41,42;,
  3;42,34,31;,
  3;34,42,43;,
  3;44,46,45;,
  3;46,44,47;,
  3;48,50,49;,
  3;50,48,51;,
  3;49,53,52;,
  3;53,49,50;,
  3;54,56,55;,
  3;56,54,57;,
  3;57,58,56;,
  3;58,57,59;,
  3;55,61,60;,
  3;61,55,56;,
  3;56,62,61;,
  3;62,56,58;,
  3;60,50,51;,
  3;50,60,61;,
  3;61,53,50;,
  3;53,61,62;,
  3;32,20,63;,
  3;20,32,29;,
  3;64,66,65;,
  3;66,64,19;,
  3;13,67,12;,
  3;67,13,68;,
  3;68,69,67;,
  3;69,68,70;,
  3;70,41,69;,
  3;41,70,36;,
  3;48,34,51;,
  3;34,48,33;,
  3;51,43,60;,
  3;43,51,34;,
  3;43,55,60;,
  3;55,43,39;,
  3;39,54,55;,
  3;54,39,40;,
  3;12,63,17;,
  3;63,12,67;,
  3;67,32,63;,
  3;32,67,69;,
  3;69,41,32;,
  3;71,72,25;,
  3;73,75,74;,
  3;75,73,76;,
  3;75,77,74;,
  3;77,75,78;,
  3;79,78,80;,
  3;78,79,77;,
  3;81,83,82;,
  3;83,85,84;,
  3;85,83,86;,
  3;87,89,88;,
  3;89,90,88;,
  3;90,89,91;,
  3;92,94,93;,
  3;92,88,94;,
  3;92,87,88;,
  3;88,95,94;,
  3;95,88,90;,
  3;96,94,83;,
  3;94,86,83;,
  3;86,94,95;,
  3;97,99,98;,
  3;99,97,100;,
  3;100,101,99;,
  3;101,100,102;,
  3;103,105,104;,
  3;105,103,106;,
  3;106,107,105;,
  3;107,106,108;,
  3;104,110,109;,
  3;110,104,105;,
  3;105,111,110;,
  3;111,105,107;,
  3;109,100,97;,
  3;100,109,110;,
  3;110,102,100;,
  3;102,110,111;,
  3;112,114,113;,
  3;114,112,115;,
  3;116,118,117;,
  3;118,116,119;,
  3;120,122,121;,
  3;122,120,123;,
  3;120,125,124;,
  3;125,120,121;,
  3;126,125,127;,
  3;125,126,124;,
  3;95,97,86;,
  3;97,95,109;,
  3;86,98,85;,
  3;98,86,97;,
  3;90,103,104;,
  3;103,90,91;,
  3;104,95,90;,
  3;95,104,109;,
  3;128,96,129;,
  3;96,128,93;,
  3;129,130,128;,
  3;130,129,131;,
  3;72,28,25;,
  3;28,72,132;,
  3;9,133,8;,
  3;134,136,135;,
  3;136,134,137;,
  3;81,137,134;,
  3;138,11,139;,
  3;138,10,11;,
  3;138,140,10;,
  3;141,11,142;,
  3;11,141,139;,
  3;128,130,143;,
  3;93,144,92;,
  3;93,143,144;,
  3;93,128,143;,
  3;145,87,146;,
  3;87,145,147;,
  3;74,148,73;,
  3;148,74,149;,
  3;150,147,145;,
  3;7,149,74;,
  3;148,151,73;,
  3;102,152,101;,
  3;152,102,126;,
  3;102,124,126;,
  3;124,102,111;,
  3;111,120,124;,
  3;120,111,107;,
  3;120,108,123;,
  3;108,120,107;,
  3;8,154,153;,
  3;154,8,133;,
  3;153,155,8;,
  3;155,153,156;,
  3;121,113,114;,
  3;113,121,122;,
  3;122,112,113;,
  3;112,122,157;,
  3;158,125,159;,
  3;125,158,127;,
  3;159,121,114;,
  3;121,159,125;,
  3;126,160,152;,
  3;160,126,161;,
  3;162,122,123;,
  3;122,162,163;,
  3;122,164,157;,
  3;164,122,163;,
  3;165,126,127;,
  3;126,165,161;,
  3;161,166,160;,
  3;166,161,167;,
  3;162,117,163;,
  3;117,162,116;,
  3;163,118,164;,
  3;118,163,117;,
  3;165,167,161;,
  3;167,165,168;,
  3;169,171,170;,
  3;171,169,172;,
  3;173,175,174;,
  3;175,173,176;,
  3;177,179,178;,
  3;179,177,173;,
  3;180,179,181;,
  3;179,180,182;,
  3;183,169,170;,
  3;169,183,184;,
  3;175,186,185;,
  3;186,175,176;,
  3;45,187,44;,
  3;187,45,188;,
  3;180,169,182;,
  3;169,180,172;,
  3;19,29,66;,
  3;20,29,19;,
  3;29,30,189;,
  3;30,190,189;,
  3;190,30,33;,
  3;33,191,190;,
  3;191,33,48;,
  3;191,49,192;,
  3;49,191,48;,
  3;192,52,193;,
  3;52,192,49;,
  3;194,170,186;,
  3;170,194,183;,
  3;170,185,186;,
  3;185,170,171;,
  3;186,176,194;,
  3;194,173,177;,
  3;173,194,176;,
  3;179,174,181;,
  3;174,179,173;,
  3;178,182,184;,
  3;182,178,179;,
  3;182,169,184;,
  3;16,17,20;,
  3;17,63,20;,
  3;66,195,65;,
  3;196,198,197;,
  3;198,196,199;,
  3;200,153,154;,
  3;153,200,201;,
  3;202,204,203;,
  3;205,207,206;,
  3;196,209,208;,
  3;209,196,197;,
  3;210,208,211;,
  3;208,210,196;,
  3;212,214,213;,
  3;214,212,215;,
  3;212,213,211;,
  3;201,217,216;,
  3;217,201,200;,
  3;218,220,219;,
  3;220,218,216;,
  3;210,199,196;,
  3;214,205,206;,
  3;221,223,222;,
  3;197,198,224;,
  3;224,226,225;,
  3;226,224,198;,
  3;227,214,206;,
  3;228,229,213;,
  3;229,228,230;,
  3;219,232,231;,
  3;214,228,213;,
  3;156,201,233;,
  3;201,156,153;,
  3;233,216,218;,
  3;216,233,201;,
  3;220,216,234;,
  3;235,220,234;,
  3;236,238,237;,
  3;238,236,239;,
  3;208,240,211;,
  3;240,208,241;,
  3;211,242,212;,
  3;242,211,240;,
  3;243,239,244;,
  3;239,243,238;,
  3;244,236,245;,
  3;236,244,239;,
  3;246,221,222;,
  3;221,246,215;,
  3;221,212,247;,
  3;212,221,215;,
  3;199,248,1;,
  3;248,199,249;,
  3;133,9,250;,
  3;249,210,251;,
  3;210,249,199;,
  3;210,211,251;,
  3;252,2,253;,
  3;2,252,1;,
  3;19,254,18;,
  3;254,19,64;,
  3;23,68,13;,
  3;68,23,255;,
  3;68,256,70;,
  3;256,68,255;,
  3;256,36,70;,
  3;36,256,257;,
  3;258,1,252;,
  3;1,258,199;,
  3;257,259,36;,
  3;36,259,35;,
  3;260,203,261;,
  3;203,260,202;,
  3;262,263,222;,
  3;263,262,264;,
  3;198,258,226;,
  3;258,198,199;,
  3;265,204,227;,
  3;265,206,266;,
  3;206,265,227;,
  3;222,267,246;,
  3;267,222,263;,
  3;89,87,147;,
  3;82,83,84;,
  3;78,16,18;,
  3;16,78,75;,
  3;75,15,16;,
  3;15,75,76;,
  3;15,71,14;,
  3;71,15,76;,
  3;14,268,24;,
  3;268,14,71;,
  3;248,269,1;,
  3;1,269,0;,
  3;135,129,134;,
  3;129,135,131;,
  3;134,96,81;,
  3;96,134,129;,
  3;96,83,81;,
  3;94,96,93;,
  3;29,189,66;,
  3;205,215,246;,
  3;267,205,246;,
  3;205,267,207;,
  3;205,214,215;,
  3;187,188,270;,
  3;224,272,271;,
  3;223,221,209;,
  3;224,223,197;,
  3;271,273,262;,
  3;273,271,272;,
  3;263,275,274;,
  3;273,276,262;,
  3;277,272,278;,
  3;272,277,273;,
  3;223,271,262;,
  3;271,223,224;,
  3;223,209,197;,
  3;208,221,247;,
  3;221,208,209;,
  3;222,223,262;,
  3;266,207,279;,
  3;207,266,206;,
  3;207,280,279;,
  3;280,207,267;,
  3;280,263,274;,
  3;263,280,267;,
  3;264,262,276;,
  3;76,73,72;,
  3;138,281,140;,
  3;73,132,72;,
  3;132,73,151;,
  3;72,71,76;,
  3;272,225,278;,
  3;155,11,8;,
  3;276,277,282;,
  3;277,276,273;,
  3;275,276,282;,
  3;276,275,264;,
  3;28,141,27;,
  3;141,28,139;,
  3;139,132,138;,
  3;132,139,28;,
  3;132,281,138;,
  3;281,132,151;,
  3;281,148,283;,
  3;148,281,151;,
  3;283,149,284;,
  3;149,283,148;,
  3;7,284,149;,
  3;284,7,4;,
  3;6,79,22;,
  3;79,6,77;,
  3;77,7,74;,
  3;7,77,6;,
  3;5,3,4;,
  3;3,5,2;,
  3;285,137,82;,
  3;137,285,136;,
  3;137,81,82;,
  3;92,146,87;,
  3;146,92,144;,
  3;2,21,253;,
  3;21,2,5;,
  3;286,213,229;,
  3;251,211,286;,
  3;213,286,211;,
  3;234,216,217;,
  3;227,202,228;,
  3;202,230,228;,
  3;230,202,260;,
  3;232,220,235;,
  3;228,214,227;,
  3;26,71,25;,
  3;71,26,268;,
  3;155,142,11;,
  3;18,80,78;,
  3;80,18,254;,
  3;272,224,225;,
  3;275,263,264;,
  3;202,227,204;,
  3;232,219,220;,
  3;287,289,288;,
  3;289,287,290;,
  3;291,288,292;,
  3;288,291,287;,
  3;293,292,294;,
  3;292,293,291;,
  3;295,294,296;,
  3;294,295,293;,
  3;296,297,295;,
  3;298,290,299;,
  3;290,298,289;,
  3;300,302,301;,
  3;302,300,303;,
  3;304,300,305;,
  3;300,304,303;,
  3;306,305,307;,
  3;305,306,304;,
  3;308,306,307;,
  3;306,308,309;,
  3;308,310,309;,
  3;145,146,311;,
  3;312,314,313;,
  3;314,312,315;,
  3;316,318,317;,
  3;318,316,319;,
  3;320,322,321;,
  3;322,320,323;,
  3;324,326,325;,
  3;326,324,327;,
  3;328,324,325;,
  3;324,328,329;,
  3;330,331,328;,
  3;331,330,332;,
  3;319,22,318;,
  3;22,319,21;,
  3;327,333,326;,
  3;333,327,334;,
  3;335,337,336;,
  3;337,335,338;,
  3;339,341,340;,
  3;341,339,342;,
  3;341,344,343;,
  3;344,341,342;,
  3;345,347,346;,
  3;347,345,348;,
  3;346,350,349;,
  3;350,346,347;,
  3;348,351,347;,
  3;351,348,352;,
  3;347,353,350;,
  3;353,347,351;,
  3;352,341,351;,
  3;341,352,340;,
  3;351,343,353;,
  3;343,351,341;,
  3;354,356,355;,
  3;356,354,357;,
  3;358,360,359;,
  3;360,358,361;,
  3;361,362,360;,
  3;362,361,363;,
  3;364,366,365;,
  3;366,364,367;,
  3;365,369,368;,
  3;369,365,366;,
  3;367,370,366;,
  3;370,367,371;,
  3;366,372,369;,
  3;372,366,370;,
  3;371,360,370;,
  3;360,371,359;,
  3;370,362,372;,
  3;362,370,360;,
  3;340,331,339;,
  3;331,340,373;,
  3;64,374,332;,
  3;374,64,65;,
  3;327,376,375;,
  3;376,327,324;,
  3;375,378,377;,
  3;378,375,376;,
