xof 0303txt 0032
template XSkinMeshHeader {
 <3cf169ce-ff7c-44ab-93c0-f78f62d172e2>
 WORD nMaxSkinWeightsPerVertex;
 WORD nMaxSkinWeightsPerFace;
 WORD nBones;
}

template VertexDuplicationIndices {
 <b8d65549-d7c9-4995-89cf-53a9a8b031e3>
 DWORD nIndices;
 DWORD nOriginalVertices;
 array DWORD indices[nIndices];
}

template SkinWeights {
 <6f0d123b-bad2-4167-a0d0-80224f25fabb>
 STRING transformNodeName;
 DWORD nWeights;
 array DWORD vertexIndices[nWeights];
 array FLOAT weights[nWeights];
 Matrix4x4 matrixOffset;
}

template AnimTicksPerSecond {
 <9e415a43-7ba6-4a73-8743-b73d47e88476>
 DWORD AnimTicksPerSecond;
}

template VertexElement {
 <f752461c-1e23-48f6-b9f8-8350850f336f>
 DWORD Type;
 DWORD Method;
 DWORD Usage;
 DWORD UsageIndex;
}

template DeclData {
 <bf22e553-292c-4781-9fea-62bd554bdd93>
 DWORD nElements;
 array VertexElement Elements[nElements];
 DWORD nDWords;
 array DWORD data[nDWords];
}


AnimTicksPerSecond {
 4800;
}

Frame Dummy01 {
 

 FrameTransformMatrix {
  1.000000,0.000000,0.000000,0.000000,0.000000,-0.000000,-1.000000,0.000000,0.000000,1.000000,-0.000000,0.000000,0.000000,0.000000,0.000000,1.000000;;
 }

 Frame Bip01 {
  

  FrameTransformMatrix {
   -0.255894,-0.952849,0.163083,0.000000,-0.960798,0.232065,-0.151700,0.000000,0.106702,-0.195509,-0.974880,0.000000,0.265748,-0.000107,0.364706,1.000000;;
  }

  Frame Bip01_Pelvis {
   

   FrameTransformMatrix {
    -0.000000,1.000000,-0.000001,0.000000,-0.000001,0.000001,1.000000,0.000000,1.000000,-0.000000,0.000001,0.000000,0.000000,0.000000,0.000000,1.000000;;
   }

   Frame Bip01_Spine {
    

    FrameTransformMatrix {
     0.911356,-0.120141,0.393696,0.000000,0.118444,0.992546,0.028706,0.000000,-0.394210,0.020470,0.918793,0.000000,0.051667,-0.000002,-0.000078,1.000000;;
    }

    Frame Bip01_Spine1 {
     

     FrameTransformMatrix {
      0.992007,0.126182,0.000006,0.000000,-0.126182,0.992007,0.000101,0.000000,0.000007,-0.000101,1.000000,0.000000,0.106480,0.000000,-0.000085,1.000000;;
     }

     Frame Bip01_Neck {
      

      FrameTransformMatrix {
       0.903366,0.000001,0.428870,0.000000,-0.000001,1.000000,-0.000000,0.000000,-0.428870,-0.000000,0.903366,0.000000,0.130516,-0.000000,0.004628,1.000000;;
      }

      Frame Bip01_Head {
       

       FrameTransformMatrix {
        0.968848,-0.218042,-0.117439,0.000000,0.136713,0.866272,-0.480502,0.000000,0.206503,0.449478,0.869095,0.000000,0.033674,0.000000,0.000000,1.000000;;
       }

       Frame Bip01_HeadNub {
        

        FrameTransformMatrix {
         1.000000,-0.000000,-0.000000,0.000000,0.000000,1.000000,-0.000000,0.000000,-0.000000,0.000000,1.000000,0.000000,0.169824,0.000000,0.000000,1.000000;;
        }
       }
      }

      Frame Bip01_L_Clavicle {
       

       FrameTransformMatrix {
        0.603865,0.770228,0.205172,0.000000,0.704937,-0.395918,-0.588484,0.000000,-0.372036,0.499998,-0.782043,0.000000,-0.023698,0.015714,0.006128,1.000000;;
       }

       Frame Bip01_L_UpperArm {
        

        FrameTransformMatrix {
         0.611299,-0.153539,-0.776363,0.000000,0.771680,-0.101989,0.627781,0.000000,-0.175569,-0.982865,0.056138,0.000000,0.087086,0.000000,0.000000,1.000000;;
        }

        Frame Bip01_L_Forearm {
         

         FrameTransformMatrix {
          -0.769284,0.000000,-0.638907,0.000000,0.000000,1.000000,0.000000,0.000000,0.638907,-0.000000,-0.769284,0.000000,0.137062,-0.000000,0.000000,1.000000;;
         }

         Frame Bip01_L_Hand {
          

          FrameTransformMatrix {
           0.922677,0.088353,0.375314,0.000000,-0.384326,0.132496,0.913640,0.000000,0.030995,-0.987238,0.156208,0.000000,0.137062,0.000000,0.000000,1.000000;;
          }

          Frame Bip01_L_Finger0 {
           

           FrameTransformMatrix {
            0.829256,-0.514255,0.218807,0.000000,0.558537,0.749101,-0.356210,0.000000,0.019274,0.417601,0.908427,0.000000,0.057681,-0.023605,-0.000272,1.000000;;
           }

           Frame Bip01_L_Finger0Nub {
            

            FrameTransformMatrix {
             1.000000,0.000000,0.000000,0.000000,0.000000,1.000000,0.000000,0.000000,-0.000000,0.000000,1.000000,0.000000,0.029435,0.000000,0.000000,1.000000;;
            }
           }
          }

          Frame Bip01_L_Finger1 {
           

           FrameTransformMatrix {
            0.989590,-0.000115,0.143914,0.000000,0.000000,1.000000,0.000796,0.000000,-0.143914,-0.000788,0.989590,0.000000,0.084102,0.000000,-0.000000,1.000000;;
           }

           Frame Bip01_L_Finger1Nub {
            

            FrameTransformMatrix {
             1.000000,0.000000,0.000000,0.000000,0.000000,1.000000,0.000000,0.000000,0.000000,-0.000000,1.000000,0.000000,0.047988,0.000000,0.000000,1.000000;;
            }
           }
          }
         }
        }
       }
      }

      Frame Bip01_R_Clavicle {
       

       FrameTransformMatrix {
        -0.065836,-0.989212,0.130865,0.000000,-0.901460,0.115195,0.417253,0.000000,-0.427827,-0.090499,-0.899319,0.000000,-0.023698,-0.015715,0.006128,1.000000;;
       }

       Frame Bip01_R_UpperArm {
        

        FrameTransformMatrix {
         -0.234852,0.815014,-0.529713,0.000000,-0.243499,0.478251,0.843791,0.000000,0.941038,0.327151,0.086136,0.000000,0.087086,-0.000000,-0.000000,1.000000;;
        }

        Frame Bip01_R_Forearm {
         

         FrameTransformMatrix {
          0.160653,-0.000000,-0.987011,0.000000,0.000000,1.000000,0.000000,0.000000,0.987011,-0.000000,0.160653,0.000000,0.137062,0.000000,0.000000,1.000000;;
         }

         Frame Bip01_R_Hand {
          

          FrameTransformMatrix {
           0.250346,-0.966870,-0.049904,0.000000,0.100875,0.077315,-0.991891,0.000000,0.962887,0.243282,0.116888,0.000000,0.137062,-0.000000,-0.000000,1.000000;;
          }

          Frame Bip01_R_Finger0 {
           

           FrameTransformMatrix {
            0.829256,0.514255,0.218807,0.000000,-0.558537,0.749101,0.356210,0.000000,0.019274,-0.417601,0.908427,0.000000,0.057681,0.023605,-0.000272,1.000000;;
           }

           Frame Bip01_R_Finger0Nub {
            

            FrameTransformMatrix {
             -1.000000,-0.000000,-0.000000,0.000000,-0.000000,1.000000,0.000000,0.000000,-0.000000,0.000000,-1.000000,0.000000,0.029435,0.000000,0.000000,1.000000;;
            }
           }
          }

          Frame Bip01_R_Finger1 {
           

           FrameTransformMatrix {
            0.989590,0.000115,0.143914,0.000000,0.000000,1.000000,-0.000796,0.000000,-0.143914,0.000788,0.989590,0.000000,0.084102,0.000000,0.000000,1.000000;;
           }

           Frame Bip01_R_Finger1Nub {
            

            FrameTransformMatrix {
             -1.000000,0.000000,0.000000,0.000000,-0.000000,1.000000,0.000000,0.000000,-0.000000,0.000000,-1.000000,0.000000,0.047988,0.000000,-0.000000,1.000000;;
            }
           }
          }
         }
        }
       }
      }
     }

     Frame Bip01_BackPack {
      

      FrameTransformMatrix {
       0.175546,-0.384528,-0.906268,0.000000,0.004789,0.920886,-0.389802,0.000000,0.984460,0.064088,0.163500,0.000000,0.063696,-0.016688,-0.088855,1.000000;;
      }

      Frame Bip01_BackPackNub {
       

       FrameTransformMatrix {
        0.000796,0.000003,1.000000,0.000000,0.000000,-1.000000,0.000003,0.000000,1.000000,-0.000000,-0.000796,0.000000,0.053240,0.000000,0.000000,1.000000;;
       }
      }
     }
    }

    Frame Bip01_L_Thigh {
     

     FrameTransformMatrix {
      -0.934248,-0.008669,0.356517,0.000000,0.013363,-0.999853,0.010708,0.000000,0.356372,0.014768,0.934227,0.000000,-0.053691,0.048698,0.021570,1.000000;;
     }

     Frame Bip01_L_Calf {
      

      FrameTransformMatrix {
       0.855372,-0.000000,-0.518014,0.000000,0.000000,1.000000,0.000000,0.000000,0.518014,-0.000000,0.855372,0.000000,0.237500,-0.000000,-0.000000,1.000000;;
      }

      Frame Bip01_L_Foot {
       

       FrameTransformMatrix {
        0.879477,0.412787,-0.236911,0.000000,-0.379888,0.908702,0.173048,0.000000,0.286714,-0.062192,0.955996,0.000000,0.206841,0.000000,0.000000,1.000000;;
       }

       Frame Bip01_L_Toe0 {
        

        FrameTransformMatrix {
         -0.000001,0.000001,1.000000,0.000000,-0.000001,1.000000,-0.000001,0.000000,-1.000000,-0.000001,-0.000001,0.000000,0.065373,0.000000,0.066450,1.000000;;
        }

        Frame Bip01_L_Toe0Nub {
         

         FrameTransformMatrix {
          -1.000000,0.000000,0.000000,0.000000,-0.000000,1.000000,0.000000,0.000000,0.000000,0.000000,-1.000000,0.000000,0.006735,0.000000,0.000000,1.000000;;
         }
        }
       }
      }
     }
    }

    Frame Bip01_R_Thigh {
     

     FrameTransformMatrix {
      -0.631173,0.383809,0.674027,0.000000,-0.129717,-0.908985,0.396131,0.000000,0.764719,0.162594,0.623513,0.000000,-0.040421,-0.060929,0.019309,1.000000;;
     }

     Frame Bip01_R_Calf {
      

      FrameTransformMatrix {
       0.633764,0.000000,-0.773526,0.000000,0.000000,1.000000,-0.000000,0.000000,0.773526,0.000000,0.633764,0.000000,0.237500,-0.000000,-0.000000,1.000000;;
      }

      Frame Bip01_R_Foot {
       

       FrameTransformMatrix {
        0.887758,0.291686,-0.356097,0.000000,-0.343688,0.934641,-0.091239,0.000000,0.306210,0.203384,0.929984,0.000000,0.206841,0.000000,0.000000,1.000000;;
       }

       Frame Bip01_R_Toe0 {
        

        FrameTransformMatrix {
         -0.000001,0.000000,1.000000,0.000000,0.000001,1.000000,-0.000000,0.000000,-1.000000,0.000001,-0.000001,0.000000,0.065373,-0.000000,0.066450,1.000000;;
        }

        Frame Bip01_R_Toe0Nub {
         

         FrameTransformMatrix {
          1.000000,0.000000,0.000000,0.000000,-0.000000,1.000000,0.000000,0.000000,0.000000,0.000000,1.000000,0.000000,0.006735,0.000000,0.000000,1.000000;;
         }
        }
       }
      }
     }
    }
   }

   Frame Bip01_DressFront {
    

    FrameTransformMatrix {
     -0.707985,0.649777,0.276673,0.000000,0.590021,0.759506,-0.273909,0.000000,-0.388115,-0.030681,-0.921100,0.000000,-0.038930,0.013433,0.059039,1.000000;;
    }

    Frame Bip01_DressFront02 {
     

     FrameTransformMatrix {
      0.879319,-0.279193,0.385811,0.000000,0.320001,0.946373,-0.044483,0.000000,-0.352701,0.162575,0.921505,0.000000,0.183371,-0.000021,-0.000121,1.000000;;
     }

     Frame Bip01_DressFrontNub {
      

      FrameTransformMatrix {
       0.000796,0.000003,1.000000,0.000000,0.000000,-1.000000,0.000003,0.000000,1.000000,0.000000,-0.000796,0.000000,0.165302,-0.000000,-0.000000,1.000000;;
      }
     }
    }
   }

   Frame Bip01_DressBack {
    

    FrameTransformMatrix {
     -0.879906,0.155526,0.448973,0.000000,-0.104196,0.858754,-0.501682,0.000000,-0.463582,-0.488214,-0.739418,0.000000,-0.048834,-0.009428,-0.074957,1.000000;;
    }

    Frame Bip01_DressBack02 {
     

     FrameTransformMatrix {
      0.669176,0.305138,0.677566,0.000000,-0.740667,0.200089,0.641386,0.000000,0.060138,-0.931051,0.359900,0.000000,0.176152,0.000101,-0.000039,1.000000;;
     }

     Frame Bip01_DressBackNub {
      

      FrameTransformMatrix {
       0.000796,0.000003,1.000000,0.000000,-0.000000,-1.000000,0.000003,0.000000,1.000000,0.000000,-0.000796,0.000000,0.136508,0.000000,0.000000,1.000000;;
      }
     }
    }
   }
  }

  Frame Bip01_Prop1 {
   

   FrameTransformMatrix {
    -0.274555,0.108556,0.955424,0.000000,-0.076752,0.987963,-0.134309,0.000000,-0.958503,-0.110206,-0.262918,0.000000,0.211319,0.145217,0.091870,1.000000;;
   }
  }

  Frame Bip01_Prop2 {
   

   FrameTransformMatrix {
    -0.138836,0.981473,-0.132044,0.000000,-0.970782,-0.161234,-0.177726,0.000000,-0.195723,0.103511,0.975181,0.000000,0.193137,0.414548,0.012781,1.000000;;
   }
  }
 }
}

Frame Translation_Data {
 

 FrameTransformMatrix {
  1.000000,0.000000,0.000000,0.000000,0.000000,-0.000000,-1.000000,0.000000,0.000000,1.000000,-0.000000,0.000000,0.000000,-0.000000,0.000000,1.000000;;
 }
}

Frame Body {
 

 FrameTransformMatrix {
  1.000000,0.000000,0.000000,0.000000,0.000000,1.000000,0.000000,0.000000,0.000000,0.000000,1.000000,0.000000,0.000000,0.000000,0.000000,1.000000;;
 }

 Mesh Body {
  617;
  -0.005084;0.310111;0.071193;,
  -0.011954;0.325922;0.041750;,
  0.019218;0.326468;0.055049;,
  0.016937;0.296570;0.077500;,
  0.048139;0.279403;0.062802;,
  0.052502;0.324969;0.069492;,
  0.086079;0.317410;0.073495;,
  0.083461;0.275471;0.049945;,
  -0.036040;0.316202;0.007988;,
  -0.024978;0.289330;0.029991;,
  -0.010911;0.267103;-0.004600;,
  -0.017265;0.294876;-0.021200;,
  0.237119;0.269647;-0.031951;,
  0.243462;0.306676;-0.062135;,
  0.224435;0.304846;-0.058860;,
  0.220775;0.275376;-0.031661;,
  0.209389;0.289724;0.020410;,
  0.241588;0.277714;0.010293;,
  0.205872;0.322497;0.044941;,
  0.258464;0.331163;0.046650;,
  0.255072;0.300428;0.041227;,
  0.046481;0.365356;0.065244;,
  0.083508;0.371787;0.071078;,
  0.243022;0.348332;-0.069141;,
  0.222928;0.346991;-0.066800;,
  0.109708;0.297808;-0.052198;,
  0.105812;0.348003;-0.065616;,
  0.067613;0.344814;-0.066912;,
  0.070843;0.289738;-0.052186;,
  0.302152;0.320299;0.060300;,
  0.399590;0.320370;0.081288;,
  0.408372;0.278119;0.061459;,
  0.312816;0.279837;0.031575;,
  0.498152;0.326736;0.102278;,
  0.501287;0.290395;0.065086;,
  0.305703;0.363550;0.029576;,
  0.343851;0.351070;-0.046588;,
  0.420049;0.342625;-0.023602;,
  0.404095;0.362614;0.047933;,
  0.499006;0.336055;0.017882;,
  0.500786;0.346707;0.057804;,
  0.343360;0.276461;-0.021817;,
  0.420748;0.265958;-0.000945;,
  0.497513;0.296044;0.025707;,
  0.749439;0.309157;-0.052390;,
  0.737675;0.351904;-0.044692;,
  0.711322;0.342789;-0.084765;,
  0.721990;0.309825;-0.088594;,
  0.556275;0.319868;0.065880;,
  0.626870;0.318506;0.043397;,
  0.621734;0.284503;0.021081;,
  0.550646;0.283715;0.044056;,
  0.704916;0.313647;0.017620;,
  0.697548;0.289854;-0.006548;,
  0.566414;0.355736;0.031021;,
  0.537460;0.344967;-0.015373;,
  0.602372;0.338145;-0.024242;,
  0.621807;0.342926;0.013621;,
  0.675586;0.317302;-0.026440;,
  0.695898;0.327467;-0.006173;,
  0.531980;0.274358;-0.000760;,
  0.605450;0.277141;-0.013071;,
  0.674229;0.293304;-0.022308;,
  0.271290;0.275299;0.013259;,
  0.258430;0.374260;0.051739;,
  0.295159;0.377210;0.046402;,
  0.305703;0.363550;0.029576;,
  0.290434;0.265546;-0.036960;,
  0.292508;0.310601;-0.069327;,
  0.333629;0.276288;-0.026697;,
  0.332487;0.317256;-0.056471;,
  0.158884;0.302739;-0.052216;,
  0.114544;0.270260;-0.029117;,
  0.111759;0.262158;-0.009778;,
  0.113104;0.278757;0.041909;,
  0.161029;0.293149;0.026533;,
  0.160847;0.276199;-0.021335;,
  0.116895;0.319369;0.070405;,
  0.165871;0.321225;0.050460;,
  0.114054;0.374000;0.066782;,
  0.169281;0.370133;0.045546;,
  -0.052513;0.260960;0.106564;,
  -0.043300;0.312354;0.093550;,
  -0.050148;0.255426;0.156851;,
  -0.045092;0.315097;0.154921;,
  -0.018132;0.305814;0.203039;,
  -0.025436;0.258070;0.206331;,
  0.016439;0.308809;0.104977;,
  0.020750;0.309668;0.155878;,
  -0.045092;0.315097;0.154921;,
  -0.003174;0.309749;0.222439;,
  -0.018132;0.305814;0.203039;,
  0.023310;0.299806;0.104565;,
  0.013239;0.256225;0.108260;,
  0.015770;0.249866;0.157517;,
  -0.010733;0.262219;0.225926;,
  -0.024251;0.251090;0.106506;,
  -0.016871;0.250311;0.177688;,
  -0.007131;0.306266;0.169058;,
  -0.052718;0.302084;0.129229;,
  -0.056887;0.266309;0.136310;,
  -0.086956;0.304676;0.102834;,
  -0.093452;0.279065;0.103971;,
  -0.007131;0.306266;0.169058;,
  -0.042546;0.320556;0.217943;,
  -0.088597;0.307073;0.173521;,
  -0.052718;0.302084;0.129229;,
  -0.110267;0.304828;0.134318;,
  -0.086956;0.304676;0.102834;,
  -0.052161;0.264883;0.226230;,
  -0.091352;0.279548;0.178891;,
  -0.117333;0.287512;0.131910;,
  -0.208134;0.301792;0.035538;,
  -0.194065;0.318145;0.039842;,
  -0.200576;0.325216;0.087025;,
  -0.214243;0.309033;0.082285;,
  -0.152241;0.309992;0.035595;,
  -0.162784;0.307342;0.038362;,
  -0.161503;0.296425;0.038856;,
  -0.149127;0.299622;0.031251;,
  -0.135038;0.319558;0.120630;,
  -0.169154;0.311196;0.107900;,
  -0.142078;0.299326;0.064184;,
  -0.114173;0.316647;0.075594;,
  -0.137941;0.281952;0.123605;,
  -0.178022;0.293497;0.105419;,
  -0.115392;0.277860;0.076950;,
  -0.151368;0.281719;0.063754;,
  -0.047287;0.275007;0.055003;,
  -0.049625;0.291834;0.079399;,
  -0.024978;0.289330;0.029991;,
  -0.027525;0.306827;0.052160;,
  0.072052;0.256772;-0.028240;,
  -0.025219;0.312204;0.034230;,
  -0.031543;0.301406;0.093848;,
  -0.005084;0.310111;0.071193;,
  0.016937;0.296570;0.077500;,
  -0.022141;0.288859;0.094163;,
  0.031912;0.254108;-0.007534;,
  0.034562;0.285674;-0.042786;,
  0.028026;0.252533;-0.001516;,
  0.033041;0.342018;-0.056978;,
  -0.017490;0.342149;-0.024522;,
  -0.010911;0.267103;-0.004600;,
  0.028026;0.252533;-0.001516;,
  0.046315;0.274746;0.043540;,
  0.031367;0.253203;0.012304;,
  -0.043300;0.312354;0.093550;,
  0.078756;0.260981;0.003108;,
  0.085059;0.274530;0.035186;,
  0.048139;0.279403;0.062802;,
  0.074709;0.252544;-0.011113;,
  -0.114173;0.316647;0.075594;,
  -0.066954;0.327726;0.021201;,
  -0.057712;0.318599;0.039671;,
  -0.041766;0.343577;-0.001253;,
  -0.070330;0.353031;0.013925;,
  -0.151368;0.281719;0.063754;,
  -0.208134;0.301792;0.035538;,
  -0.214243;0.309033;0.082285;,
  -0.137426;0.317103;0.046916;,
  -0.135164;0.291602;0.042969;,
  -0.137426;0.317103;0.046916;,
  -0.152147;0.309694;0.053641;,
  -0.148415;0.286224;0.060042;,
  -0.148415;0.286224;0.060042;,
  -0.152241;0.309992;0.035595;,
  -0.149127;0.299622;0.031251;,
  -0.161503;0.296425;0.038856;,
  0.779276;0.303004;0.021663;,
  0.793742;0.337009;0.054029;,
  0.812415;0.342154;0.049117;,
  0.801536;0.305085;0.014517;,
  0.690992;0.336833;-0.056578;,
  0.711322;0.342789;-0.084765;,
  0.737675;0.351904;-0.044692;,
  0.719792;0.345648;-0.028193;,
  0.675586;0.317302;-0.026440;,
  0.674229;0.293304;-0.022308;,
  0.701514;0.296618;-0.059224;,
  0.749439;0.309157;-0.052390;,
  0.721990;0.309825;-0.088594;,
  0.724703;0.297399;-0.030514;,
  0.704916;0.313647;0.017620;,
  0.697548;0.289854;-0.006548;,
  0.795845;0.374338;0.044680;,
  0.781724;0.363092;0.046988;,
  0.801536;0.305085;0.014517;,
  0.795845;0.374338;0.044680;,
  0.404095;0.362614;0.047933;,
  0.500786;0.346707;0.057804;,
  0.566414;0.355736;0.031021;,
  0.621807;0.342926;0.013621;,
  0.695898;0.327467;-0.006173;,
  0.695898;0.327467;-0.006173;,
  0.320095;0.370877;0.001214;,
  -0.066208;0.309188;0.050788;,
  -0.055068;0.311875;0.068932;,
  -0.046934;0.319265;0.066635;,
  -0.047455;0.325882;0.053705;,
  -0.088089;0.326313;0.036436;,
  -0.100611;0.340899;0.021841;,
  -0.182270;0.361729;0.111573;,
  -0.180914;0.381360;0.116176;,
  -0.161975;0.372117;0.137318;,
  -0.112060;0.322367;0.130802;,
  -0.139289;0.334008;0.133233;,
  -0.104401;0.336572;0.139306;,
  -0.094124;0.311109;0.055678;,
  -0.074367;0.309941;0.077890;,
  -0.078616;0.315280;0.046569;,
  -0.131373;0.321863;0.051131;,
  -0.134361;0.318202;0.075208;,
  -0.166164;0.325489;0.093101;,
  -0.154040;0.326784;0.118230;,
  -0.121622;0.314839;0.099059;,
  -0.148882;0.346000;0.023427;,
  -0.138691;0.329057;0.037824;,
  -0.141816;0.385890;0.019607;,
  -0.181662;0.393115;0.047709;,
  -0.186313;0.359155;0.051322;,
  -0.101278;0.309694;0.090388;,
  -0.085894;0.316604;0.112590;,
  -0.058976;0.313351;0.088977;,
  -0.029012;0.318906;0.093895;,
  -0.017631;0.334323;0.104540;,
  -0.021739;0.338960;0.084326;,
  -0.158242;0.344601;0.132301;,
  -0.178542;0.340971;0.104604;,
  -0.182809;0.339694;0.065534;,
  -0.192381;0.354158;0.081690;,
  -0.192169;0.390542;0.081709;,
  -0.194346;0.373195;0.080370;,
  -0.103290;0.374681;0.017517;,
  -0.182809;0.339694;0.065534;,
  -0.192381;0.354158;0.081690;,
  -0.098194;0.305629;0.056177;,
  -0.131257;0.305915;0.046927;,
  -0.144908;0.312870;0.061719;,
  -0.124397;0.314309;0.061306;,
  -0.131257;0.305915;0.046927;,
  -0.098194;0.305629;0.056177;,
  -0.144908;0.312870;0.061719;,
  -0.134361;0.318202;0.075208;,
  -0.110387;0.310808;0.073216;,
  -0.094124;0.311109;0.055678;,
  -0.106200;0.321734;0.120121;,
  -0.110387;0.310808;0.073216;,
  -0.025219;0.312204;0.034230;,
  -0.057712;0.318599;0.039671;,
  -0.027525;0.306827;0.052160;,
  -0.088089;0.326313;0.036436;,
  -0.002432;0.357866;0.054017;,
  0.020907;0.361075;0.057332;,
  0.203767;0.365755;0.040305;,
  0.290495;0.352009;-0.076713;,
  0.322545;0.357688;-0.065887;,
  0.338994;0.361324;-0.056423;,
  -0.025089;0.351129;0.068213;,
  0.320095;0.370877;0.001214;,
  -0.194346;0.373195;0.080370;,
  -0.192169;0.390542;0.081709;,
  -0.056666;0.323980;0.109169;,
  -0.073466;0.334437;0.124341;,
  -0.064594;0.332075;0.121355;,
  -0.149884;0.367094;0.145597;,
  -0.126224;0.359159;0.150564;,
  -0.098176;0.338795;0.128091;,
  0.157900;0.348873;-0.063271;,
  -0.027525;0.306827;0.052160;,
  0.812415;0.342154;0.049117;,
  -0.050518;0.323150;0.106878;,
  -0.044554;0.328286;0.113905;,
  -0.049908;0.330382;0.112154;,
  -0.063959;0.342380;0.139251;,
  -0.058693;0.342740;0.127726;,
  -0.052126;0.330336;0.117964;,
  -0.046730;0.341362;0.114593;,
  -0.038923;0.338478;0.117805;,
  -0.096743;0.350776;0.147810;,
  -0.089179;0.349635;0.141109;,
  0.031367;0.253203;0.012304;,
  -0.047937;0.340260;0.123288;,
  0.043527;0.275770;0.026230;,
  0.046315;0.274746;0.043540;,
  0.048139;0.279403;0.062802;,
  -0.138691;0.329057;0.037824;,
  0.556275;0.319868;0.065880;,
  0.509196;0.305355;0.123031;,
  0.581725;0.285887;0.118788;,
  0.626870;0.318506;0.043397;,
  0.498152;0.326736;0.102278;,
  0.453461;0.320032;0.122152;,
  0.399590;0.320370;0.081288;,
  0.375371;0.345776;0.088831;,
  0.302152;0.320299;0.060300;,
  0.299550;0.364194;0.062263;,
  0.258464;0.331163;0.046650;,
  0.650973;0.276836;0.119226;,
  0.704916;0.313647;0.017620;,
  0.602318;0.338686;-0.047133;,
  0.670064;0.335394;-0.065128;,
  0.651463;0.374802;0.016793;,
  0.579571;0.373545;0.026573;,
  0.512570;0.363253;0.037995;,
  0.535564;0.338152;-0.028186;,
  0.452980;0.366028;0.054033;,
  0.499441;0.337785;-0.012504;,
  0.422517;0.341037;-0.038273;,
  0.402159;0.365062;-0.013316;,
  0.347720;0.366258;-0.056584;,
  0.043527;0.275770;0.026230;,
  0.000083;0.424028;0.039008;,
  0.019257;0.436201;0.038140;,
  0.011916;0.391592;0.043417;,
  -0.018113;0.380850;0.031939;,
  0.032026;0.444290;0.030932;,
  0.068554;0.452957;0.017496;,
  0.077198;0.423154;0.054162;,
  0.043523;0.405049;0.055188;,
  -0.042411;0.373022;-0.002162;,
  -0.027548;0.386581;-0.037580;,
  -0.025427;0.421319;-0.035979;,
  -0.026825;0.420298;-0.003082;,
  0.219332;0.432158;-0.064542;,
  0.208169;0.424851;-0.061553;,
  0.217370;0.388622;-0.075613;,
  0.234493;0.388616;-0.078568;,
  0.197655;0.428861;-0.007414;,
  0.223615;0.441924;-0.022639;,
  0.198721;0.407297;0.027984;,
  0.239711;0.436094;0.013479;,
  0.249710;0.411148;0.030609;,
  0.222928;0.346991;-0.066800;,
  0.243022;0.348332;-0.069141;,
  0.104790;0.399809;-0.071392;,
  0.061471;0.401324;-0.072587;,
  0.067613;0.344814;-0.066912;,
  0.105812;0.348003;-0.065616;,
  0.266285;0.412333;0.044868;,
  0.293864;0.443993;0.021068;,
  0.361865;0.418274;0.098478;,
  0.333250;0.382373;0.110635;,
  0.434751;0.381755;0.144662;,
  0.411145;0.350343;0.175904;,
  0.264887;0.360935;0.019970;,
  0.339878;0.337151;0.081853;,
  0.391455;0.344243;0.026528;,
  0.337456;0.362305;-0.037686;,
  0.421743;0.327120;0.136341;,
  0.435206;0.334799;0.100363;,
  0.404028;0.419831;0.049334;,
  0.338736;0.435434;-0.020788;,
  0.442051;0.374271;0.108068;,
  0.681426;0.350683;0.070276;,
  0.661483;0.348792;0.029493;,
  0.666876;0.314776;0.024112;,
  0.689947;0.306671;0.066366;,
  0.480071;0.340380;0.153452;,
  0.486328;0.376318;0.131443;,
  0.557842;0.358438;0.119272;,
  0.551541;0.324717;0.141718;,
  0.629557;0.334588;0.104257;,
  0.632684;0.311230;0.127573;,
  0.486548;0.302315;0.120082;,
  0.545339;0.301446;0.111246;,
  0.533345;0.309717;0.070973;,
  0.468061;0.318423;0.070026;,
  0.637713;0.299515;0.098718;,
  0.611953;0.307690;0.078627;,
  0.548935;0.368574;0.083166;,
  0.477166;0.388693;0.084461;,
  0.609817;0.330996;0.084419;,
  0.252015;0.451409;-0.022059;,
  0.264887;0.360935;0.019970;,
  0.283540;0.392542;-0.085761;,
  0.270789;0.445035;-0.072956;,
  0.328698;0.396134;-0.063072;,
  0.324950;0.440787;-0.041355;,
  0.155969;0.395778;-0.070157;,
  0.106634;0.434320;-0.059988;,
  0.102764;0.448724;-0.044884;,
  0.155969;0.431923;-0.051364;,
  0.156618;0.433945;-0.000617;,
  0.104721;0.452638;0.009190;,
  0.162868;0.417073;0.031978;,
  0.111755;0.425959;0.050348;,
  0.011857;0.428137;0.046055;,
  0.054674;0.422599;0.072532;,
  0.019823;0.412347;-0.004766;,
  0.101176;0.421984;0.084724;,
  0.114914;0.402519;0.042455;,
  0.073097;0.396845;0.021668;,
  0.052391;0.461737;-0.019324;,
  0.073097;0.396845;0.021668;,
  0.098452;0.454445;0.001545;,
  0.114914;0.402519;0.042455;,
  0.148998;0.432195;0.037300;,
  0.052037;0.472147;-0.014861;,
  0.079767;0.480389;0.052354;,
  0.038026;0.485156;0.025744;,
  0.135482;0.451479;0.079547;,
  0.020050;0.456796;0.043278;,
  0.085795;0.412469;0.088286;,
  0.083785;0.353733;0.099030;,
  0.093118;0.335905;0.068330;,
  0.100514;0.388148;0.038364;,
  0.085513;0.304911;0.109769;,
  0.091222;0.293778;0.089992;,
  0.100514;0.388148;0.038364;,
  0.093118;0.335905;0.068330;,
  0.145829;0.343339;0.089314;,
  0.161664;0.394327;0.052754;,
  0.091222;0.293778;0.089992;,
  0.127228;0.298112;0.105946;,
  0.138359;0.357266;0.112645;,
  0.146924;0.418574;0.102339;,
  0.121831;0.305792;0.120067;,
  0.030793;0.307606;0.214249;,
  0.077580;0.299994;0.219543;,
  0.081318;0.281715;0.208450;,
  0.034072;0.289110;0.202804;,
  0.028156;0.290672;0.160423;,
  0.023926;0.300547;0.155873;,
  0.032151;0.305426;0.167265;,
  0.031455;0.294870;0.170288;,
  0.112086;0.275904;0.141547;,
  0.066245;0.276857;0.122318;,
  0.056509;0.298715;0.147544;,
  0.101096;0.289942;0.174380;,
  0.099436;0.308889;0.180408;,
  0.116084;0.313386;0.138299;,
  0.068578;0.315288;0.117286;,
  0.056915;0.317574;0.153920;,
  -0.027827;0.447938;-0.006384;,
  -0.026407;0.455271;0.022533;,
  -0.021739;0.418739;0.021025;,
  -0.026825;0.420298;-0.003082;,
  0.056627;0.440430;-0.061817;,
  -0.033716;0.387979;0.020694;,
  -0.007029;0.452024;0.040805;,
  0.011785;0.445888;0.027825;,
  0.019257;0.436201;0.038140;,
  0.000083;0.424028;0.039008;,
  0.012971;0.444954;-0.049840;,
  0.009269;0.447992;-0.045388;,
  0.021884;0.398743;-0.062982;,
  0.033041;0.342018;-0.056978;,
  -0.017490;0.342149;-0.024522;,
  -0.025427;0.421319;-0.035979;,
  0.009269;0.447992;-0.045388;,
  0.036472;0.441302;0.003425;,
  0.019823;0.412347;-0.004766;,
  0.018408;0.449994;-0.037570;,
  0.070422;0.448817;0.003322;,
  0.062980;0.448828;-0.031235;,
  0.032026;0.444290;0.030932;,
  0.058052;0.450868;-0.047371;,
  0.066245;0.276857;0.122318;,
  -0.052971;0.386448;0.037947;,
  -0.063446;0.377920;0.019926;,
  -0.070330;0.353031;0.013925;,
  -0.041766;0.343577;-0.001253;,
  0.056915;0.317574;0.153920;,
  0.030793;0.307606;0.214249;,
  0.077580;0.299994;0.219543;,
  0.035197;0.305895;0.140350;,
  0.038631;0.280964;0.146485;,
  0.038631;0.280964;0.146485;,
  0.046183;0.290398;0.159554;,
  0.052968;0.312775;0.151874;,
  0.052968;0.312775;0.151874;,
  0.023926;0.300547;0.155873;,
  0.028156;0.290672;0.160423;,
  0.032151;0.305426;0.167265;,
  0.696844;0.347692;0.148795;,
  0.718182;0.357203;0.146524;,
  0.741110;0.320013;0.174467;,
  0.721760;0.315276;0.176026;,
  0.643171;0.303515;0.047662;,
  0.669526;0.299972;0.079376;,
  0.689947;0.306671;0.066366;,
  0.666876;0.314776;0.024112;,
  0.611953;0.307690;0.078627;,
  0.634178;0.343403;0.055603;,
  0.609817;0.330996;0.084419;,
  0.681426;0.350683;0.070276;,
  0.651850;0.344366;0.087996;,
  0.661483;0.348792;0.029493;,
  0.632684;0.311230;0.127573;,
  0.629557;0.334588;0.104257;,
  0.723969;0.289691;0.161367;,
  0.741842;0.286524;0.160044;,
  0.741842;0.286524;0.160044;,
  0.718182;0.357203;0.146524;,
  0.339878;0.337151;0.081853;,
  0.421743;0.327120;0.136341;,
  0.486548;0.302315;0.120082;,
  0.545339;0.301446;0.111246;,
  0.637713;0.299515;0.098718;,
  0.637713;0.299515;0.098718;,
  -0.040041;0.396390;0.065472;,
  -0.043782;0.378439;0.052370;,
  -0.030710;0.373332;0.075740;,
  -0.033776;0.382830;0.080881;,
  -0.066291;0.398955;0.048668;,
  -0.083305;0.398571;0.031553;,
  -0.171101;0.398949;0.117841;,
  -0.180914;0.381360;0.116176;,
  -0.092812;0.386510;0.141603;,
  -0.094778;0.368643;0.144707;,
  -0.122123;0.391214;0.142867;,
  -0.049740;0.392014;0.091711;,
  -0.064935;0.408383;0.072059;,
  -0.053339;0.399516;0.060754;,
  -0.101546;0.421263;0.067869;,
  -0.104264;0.418502;0.092098;,
  -0.093926;0.407134;0.114601;,
  -0.129267;0.409341;0.132132;,
  -0.136473;0.424435;0.109763;,
  -0.110344;0.423527;0.053733;,
  -0.126684;0.419975;0.035884;,
  -0.141816;0.385890;0.019607;,
  -0.167668;0.421291;0.061785;,
  -0.181662;0.393115;0.047709;,
  -0.073314;0.402885;0.106081;,
  -0.039659;0.377728;0.099818;,
  -0.066122;0.382497;0.123686;,
  -0.017945;0.355788;0.100105;,
  -0.143625;0.393314;0.140504;,
  -0.156205;0.415410;0.117139;,
  -0.172822;0.419341;0.092666;,
  -0.155569;0.430472;0.080821;,
  -0.184566;0.405787;0.085859;,
  -0.192169;0.390542;0.081709;,
  -0.103290;0.374681;0.017517;,
  -0.155569;0.430472;0.080821;,
  -0.172822;0.419341;0.092666;,
  -0.065454;0.414736;0.074550;,
  -0.092558;0.420411;0.079173;,
  -0.109032;0.432426;0.081852;,
  -0.092511;0.435039;0.068671;,
  -0.065454;0.414736;0.074550;,
  -0.092511;0.435039;0.068671;,
  -0.109032;0.432426;0.081852;,
  -0.104264;0.418502;0.092098;,
  -0.080003;0.412066;0.090268;,
  -0.064935;0.408383;0.072059;,
  -0.086591;0.387082;0.131125;,
  -0.080003;0.412066;0.090268;,
  -0.052971;0.386448;0.037947;,
  -0.033716;0.387979;0.020694;,
  -0.021739;0.418739;0.021025;,
  -0.066291;0.398955;0.048668;,
  0.290495;0.352009;-0.076713;,
  0.322545;0.357688;-0.065887;,
  0.338994;0.361324;-0.056423;,
  0.320095;0.370877;0.001214;,
  -0.184566;0.405787;0.085859;,
  -0.192169;0.390542;0.081709;,
  -0.045248;0.362029;0.115576;,
  -0.057344;0.356232;0.125423;,
  -0.066326;0.358232;0.128348;,
  -0.089734;0.366927;0.132828;,
  0.157900;0.348873;-0.063271;,
  -0.021739;0.418739;0.021025;,
  0.741110;0.320013;0.174467;,
  -0.037825;0.350709;0.117681;,
  -0.039439;0.360074;0.113096;,
  -0.043284;0.352456;0.115872;,
  -0.045645;0.351933;0.121601;,
  0.018408;0.449994;-0.037570;,
  0.032532;0.435673;-0.013354;,
  0.036472;0.441302;0.003425;,
  0.032026;0.444290;0.030932;,
  -0.110344;0.423527;0.053733;,
  0.470240;0.294061;0.166975;,
  0.546167;0.286380;0.169185;,
  0.556312;0.282139;0.154964;,
  0.482264;0.294876;0.147754;,
  0.407832;0.311307;0.168412;,
  0.417617;0.298508;0.149091;,
  0.337387;0.336341;0.106862;,
  0.354640;0.331304;0.103871;,
  0.270516;0.365665;0.055639;,
  0.290012;0.363457;0.063360;,
  0.258430;0.374260;0.051739;,
  0.249710;0.411148;0.030609;,
  0.616041;0.272986;0.175092;,
  0.619003;0.271368;0.164877;,
  0.616569;0.302912;0.041554;,
  0.609814;0.330983;0.084415;,
  0.548935;0.368574;0.083166;,
  0.543996;0.318334;0.051864;,
  0.477166;0.388693;0.084461;,
  0.472907;0.328399;0.056696;,
  0.444200;0.331661;0.069516;,
  0.442051;0.374271;0.108068;,
  0.404028;0.419831;0.049334;,
  0.402856;0.343143;0.013293;,
  0.322545;0.357688;-0.065887;,
  0.328698;0.396134;-0.063072;,
  0.032532;0.435673;-0.013354;,
  0.266285;0.412333;0.044868;,
  0.333250;0.382373;0.110635;,
  0.411145;0.350343;0.175904;,
  0.480071;0.340380;0.153452;,
  0.551541;0.324717;0.141718;,
  0.632684;0.311230;0.127573;,
  0.343360;0.276461;-0.021817;,
  0.420748;0.265958;-0.000945;,
  0.332487;0.317256;-0.056471;,
  0.497513;0.296044;0.025707;,
  0.531980;0.274358;-0.000760;,
  0.605450;0.277141;-0.013071;,
  0.674229;0.293304;-0.022308;,
  0.338736;0.435434;-0.020788;;
  916;
  3;0,2,1;,
  3;2,0,3;,
  3;4,6,5;,
  3;6,4,7;,
  3;8,10,9;,
  3;10,8,11;,
  3;12,14,13;,
  3;14,12,15;,
  3;16,12,17;,
  3;12,16,15;,
  3;18,20,19;,
  3;20,18,16;,
  3;5,22,21;,
  3;22,5,6;,
  3;13,24,23;,
  3;24,13,14;,
  3;25,27,26;,
  3;27,25,28;,
  3;29,31,30;,
  3;31,29,32;,
  3;31,33,30;,
  3;33,31,34;,
  3;35,37,36;,
  3;37,35,38;,
  3;38,39,37;,
  3;39,38,40;,
  3;36,42,41;,
  3;42,36,37;,
  3;37,43,42;,
  3;43,37,39;,
  3;41,31,32;,
  3;31,41,42;,
  3;42,34,31;,
  3;34,42,43;,
  3;44,46,45;,
  3;46,44,47;,
  3;48,50,49;,
  3;50,48,51;,
  3;49,53,52;,
  3;53,49,50;,
  3;54,56,55;,
  3;56,54,57;,
  3;57,58,56;,
  3;58,57,59;,
  3;55,61,60;,
  3;61,55,56;,
  3;56,62,61;,
  3;62,56,58;,
  3;60,50,51;,
  3;50,60,61;,
  3;61,53,50;,
  3;53,61,62;,
  3;32,20,63;,
  3;20,32,29;,
  3;64,66,65;,
  3;66,64,19;,
  3;13,67,12;,
  3;67,13,68;,
  3;68,69,67;,
  3;69,68,70;,
  3;70,41,69;,
  3;41,70,36;,
  3;48,34,51;,
  3;34,48,33;,
  3;51,43,60;,
  3;43,51,34;,
  3;43,55,60;,
  3;55,43,39;,
  3;39,54,55;,
  3;54,39,40;,
  3;12,63,17;,
  3;63,12,67;,
  3;67,32,63;,
  3;32,67,69;,
  3;69,41,32;,
  3;71,72,25;,
  3;73,75,74;,
  3;75,73,76;,
  3;75,77,74;,
  3;77,75,78;,
  3;79,78,80;,
  3;78,79,77;,
  3;81,83,82;,
  3;83,85,84;,
  3;85,83,86;,
  3;87,89,88;,
  3;89,90,88;,
  3;90,89,91;,
  3;92,94,93;,
  3;92,88,94;,
  3;92,87,88;,
  3;88,95,94;,
  3;95,88,90;,
  3;96,94,83;,
  3;94,86,83;,
  3;86,94,95;,
  3;97,99,98;,
  3;99,97,100;,
  3;100,101,99;,
  3;101,100,102;,
  3;103,105,104;,
  3;105,103,106;,
  3;106,107,105;,
  3;107,106,108;,
  3;104,110,109;,
  3;110,104,105;,
  3;105,111,110;,
  3;111,105,107;,
  3;109,100,97;,
  3;100,109,110;,
  3;110,102,100;,
  3;102,110,111;,
  3;112,114,113;,
  3;114,112,115;,
  3;116,118,117;,
  3;118,116,119;,
  3;120,122,121;,
  3;122,120,123;,
  3;120,125,124;,
  3;125,120,121;,
  3;126,125,127;,
  3;125,126,124;,
  3;95,97,86;,
  3;97,95,109;,
  3;86,98,85;,
  3;98,86,97;,
  3;90,103,104;,
  3;103,90,91;,
  3;104,95,90;,
  3;95,104,109;,
  3;128,96,129;,
  3;96,128,93;,
  3;129,130,128;,
  3;130,129,131;,
  3;72,28,25;,
  3;28,72,132;,
  3;9,133,8;,
  3;134,136,135;,
  3;136,134,137;,
  3;81,137,134;,
  3;138,11,139;,
  3;138,10,11;,
  3;138,140,10;,
  3;141,11,142;,
  3;11,141,139;,
  3;128,130,143;,
  3;93,144,92;,
  3;93,143,144;,
  3;93,128,143;,
  3;145,87,146;,
  3;87,145,147;,
  3;74,148,73;,
  3;148,74,149;,
  3;150,147,145;,
  3;7,149,74;,
  3;148,151,73;,
  3;102,152,101;,
  3;152,102,126;,
  3;102,124,126;,
  3;124,102,111;,
  3;111,120,124;,
  3;120,111,107;,
  3;120,108,123;,
  3;108,120,107;,
  3;8,154,153;,
  3;154,8,133;,
  3;153,155,8;,
  3;155,153,156;,
  3;121,113,114;,
  3;113,121,122;,
  3;122,112,113;,
  3;112,122,157;,
  3;158,125,159;,
  3;125,158,127;,
  3;159,121,114;,
  3;121,159,125;,
  3;126,160,152;,
  3;160,126,161;,
  3;162,122,123;,
  3;122,162,163;,
  3;122,164,157;,
  3;164,122,163;,
  3;165,126,127;,
  3;126,165,161;,
  3;161,166,160;,
  3;166,161,167;,
  3;162,117,163;,
  3;117,162,116;,
  3;163,118,164;,
  3;118,163,117;,
  3;165,167,161;,
  3;167,165,168;,
  3;169,171,170;,
  3;171,169,172;,
  3;173,175,174;,
  3;175,173,176;,
  3;177,179,178;,
  3;179,177,173;,
  3;180,179,181;,
  3;179,180,182;,
  3;183,169,170;,
  3;169,183,184;,
  3;175,186,185;,
  3;186,175,176;,
  3;45,187,44;,
  3;187,45,188;,
  3;180,169,182;,
  3;169,180,172;,
  3;19,29,66;,
  3;20,29,19;,
  3;29,30,189;,
  3;30,190,189;,
  3;190,30,33;,
  3;33,191,190;,
  3;191,33,48;,
  3;191,49,192;,
  3;49,191,48;,
  3;192,52,193;,
  3;52,192,49;,
  3;194,170,186;,
  3;170,194,183;,
  3;170,185,186;,
  3;185,170,171;,
  3;186,176,194;,
  3;194,173,177;,
  3;173,194,176;,
  3;179,174,181;,
  3;174,179,173;,
  3;178,182,184;,
  3;182,178,179;,
  3;182,169,184;,
  3;16,17,20;,
  3;17,63,20;,
  3;66,195,65;,
  3;196,198,197;,
  3;198,196,199;,
  3;200,153,154;,
  3;153,200,201;,
  3;202,204,203;,
  3;205,207,206;,
  3;196,209,208;,
  3;209,196,197;,
  3;210,208,211;,
  3;208,210,196;,
  3;212,214,213;,
  3;214,212,215;,
  3;212,213,211;,
  3;201,217,216;,
  3;217,201,200;,
  3;218,220,219;,
  3;220,218,216;,
  3;210,199,196;,
  3;214,205,206;,
  3;221,223,222;,
  3;197,198,224;,
  3;224,226,225;,
  3;226,224,198;,
  3;227,214,206;,
  3;228,229,213;,
  3;229,228,230;,
  3;219,232,231;,
  3;214,228,213;,
  3;156,201,233;,
  3;201,156,153;,
  3;233,216,218;,
  3;216,233,201;,
  3;220,216,234;,
  3;235,220,234;,
  3;236,238,237;,
  3;238,236,239;,
  3;208,240,211;,
  3;240,208,241;,
  3;211,242,212;,
  3;242,211,240;,
  3;243,239,244;,
  3;239,243,238;,
  3;244,236,245;,
  3;236,244,239;,
  3;246,221,222;,
  3;221,246,215;,
  3;221,212,247;,
  3;212,221,215;,
  3;199,248,1;,
  3;248,199,249;,
  3;133,9,250;,
  3;249,210,251;,
  3;210,249,199;,
  3;210,211,251;,
  3;252,2,253;,
  3;2,252,1;,
  3;19,254,18;,
  3;254,19,64;,
  3;23,68,13;,
  3;68,23,255;,
  3;68,256,70;,
  3;256,68,255;,
  3;256,36,70;,
  3;36,256,257;,
  3;258,1,252;,
  3;1,258,199;,
  3;257,259,36;,
  3;36,259,35;,
  3;260,203,261;,
  3;203,260,202;,
  3;262,263,222;,
  3;263,262,264;,
  3;198,258,226;,
  3;258,198,199;,
  3;265,204,227;,
  3;265,206,266;,
  3;206,265,227;,
  3;222,267,246;,
  3;267,222,263;,
  3;89,87,147;,
  3;82,83,84;,
  3;78,16,18;,
  3;16,78,75;,
  3;75,15,16;,
  3;15,75,76;,
  3;15,71,14;,
  3;71,15,76;,
  3;14,268,24;,
  3;268,14,71;,
  3;248,269,1;,
  3;1,269,0;,
  3;135,129,134;,
  3;129,135,131;,
  3;134,96,81;,
  3;96,134,129;,
  3;96,83,81;,
  3;94,96,93;,
  3;29,189,66;,
  3;205,215,246;,
  3;267,205,246;,
  3;205,267,207;,
  3;205,214,215;,
  3;187,188,270;,
  3;224,272,271;,
  3;223,221,209;,
  3;224,223,197;,
  3;271,273,262;,
  3;273,271,272;,
  3;263,275,274;,
  3;273,276,262;,
  3;277,272,278;,
  3;272,277,273;,
  3;223,271,262;,
  3;271,223,224;,
  3;223,209,197;,
  3;208,221,247;,
  3;221,208,209;,
  3;222,223,262;,
  3;266,207,279;,
  3;207,266,206;,
  3;207,280,279;,
  3;280,207,267;,
  3;280,263,274;,
  3;263,280,267;,
  3;264,262,276;,
  3;76,73,72;,
  3;138,281,140;,
  3;73,132,72;,
  3;132,73,151;,
  3;72,71,76;,
  3;272,225,278;,
  3;155,11,8;,
  3;276,277,282;,
  3;277,276,273;,
  3;275,276,282;,
  3;276,275,264;,
  3;28,141,27;,
  3;141,28,139;,
  3;139,132,138;,
  3;132,139,28;,
  3;132,281,138;,
  3;281,132,151;,
  3;281,148,283;,
  3;148,281,151;,
  3;283,149,284;,
  3;149,283,148;,
  3;7,284,149;,
  3;284,7,4;,
  3;6,79,22;,
  3;79,6,77;,
  3;77,7,74;,
  3;7,77,6;,
  3;5,3,4;,
  3;3,5,2;,
  3;285,137,82;,
  3;137,285,136;,
  3;137,81,82;,
  3;92,146,87;,
  3;146,92,144;,
  3;2,21,253;,
  3;21,2,5;,
  3;286,213,229;,
  3;251,211,286;,
  3;213,286,211;,
  3;234,216,217;,
  3;227,202,228;,
  3;202,230,228;,
  3;230,202,260;,
  3;232,220,235;,
  3;228,214,227;,
  3;26,71,25;,
  3;71,26,268;,
  3;155,142,11;,
  3;18,80,78;,
  3;80,18,254;,
  3;272,224,225;,
  3;275,263,264;,
  3;202,227,204;,
  3;232,219,220;,
  3;287,289,288;,
  3;289,287,290;,
  3;291,288,292;,
  3;288,291,287;,
  3;293,292,294;,
  3;292,293,291;,
  3;295,294,296;,
  3;294,295,293;,
  3;296,297,295;,
  3;298,290,299;,
  3;290,298,289;,
  3;300,302,301;,
  3;302,300,303;,
  3;304,300,305;,
  3;300,304,303;,
  3;306,305,307;,
  3;305,306,304;,
  3;308,306,307;,
  3;306,308,309;,
  3;308,310,309;,
  3;145,146,311;,
  3;312,314,313;,
  3;314,312,315;,
  3;316,318,317;,
  3;318,316,319;,
  3;320,322,321;,
  3;322,320,323;,
  3;324,326,325;,
  3;326,324,327;,
  3;328,324,325;,
  3;324,328,329;,
  3;330,331,328;,
  3;331,330,332;,
  3;319,22,318;,
  3;22,319,21;,
  3;327,333,326;,
  3;333,327,334;,
  3;335,337,336;,
  3;337,335,338;,
  3;339,341,340;,
  3;341,339,342;,
  3;341,344,343;,
  3;344,341,342;,
  3;345,347,346;,
  3;347,345,348;,
  3;346,350,349;,
  3;350,346,347;,
  3;348,351,347;,
  3;351,348,352;,
  3;347,353,350;,
  3;353,347,351;,
  3;352,341,351;,
  3;341,352,340;,
  3;351,343,353;,
  3;343,351,341;,
  3;354,356,355;,
  3;356,354,357;,
  3;358,360,359;,
  3;360,358,361;,
  3;361,362,360;,
  3;362,361,363;,
  3;364,366,365;,
  3;366,364,367;,
  3;365,369,368;,
  3;369,365,366;,
  3;367,370,366;,
  3;370,367,371;,
  3;366,372,369;,
  3;372,366,370;,
  3;371,360,370;,
  3;360,371,359;,
  3;370,362,372;,
  3;362,370,360;,
  3;340,331,339;,
  3;331,340,373;,
  3;64,374,332;,
  3;374,64,65;,
  3;327,376,375;,
  3;376,327,324;,
  3;375,378,377;,
  3;378,375,376;,
